Day 1,Day 2,Day 3,Day 4,Day 5,Day 6,Day 7,Peak Value,Peak Position
-0.8466240130635112,-0.9425979423623282,-0.8734654134646783,-0.9641074578024499,-0.9368657110902145,-0.8621374326174062,-0.8903891438871091,-0.5708036022970779,1.0
-0.9425979423623282,-0.8734654134646783,-0.9641074578024499,-0.9368657110902145,-0.8621374326174062,-0.8903891438871091,-0.7919039513643185,-0.5708036022970779,0.0
-0.8734654134646783,-0.9641074578024499,-0.9368657110902145,-0.8621374326174062,-0.8903891438871091,-0.7919039513643185,-0.5708036022970779,-0.6370336204394831,5.0
-0.9641074578024499,-0.9368657110902145,-0.8621374326174062,-0.8903891438871091,-0.7919039513643185,-0.5708036022970779,-0.9223258609745993,-0.6370336204394831,4.0
-0.9368657110902145,-0.8621374326174062,-0.8903891438871091,-0.7919039513643185,-0.5708036022970779,-0.9223258609745993,-0.9787746908352232,-0.6370336204394831,3.0
-0.8621374326174062,-0.8903891438871091,-0.7919039513643185,-0.5708036022970779,-0.9223258609745993,-0.9787746908352232,-0.978356146964561,-0.6370336204394831,2.0
-0.8903891438871091,-0.7919039513643185,-0.5708036022970779,-0.9223258609745993,-0.9787746908352232,-0.978356146964561,-0.9819228686449873,-0.6370336204394831,1.0
-0.7919039513643185,-0.5708036022970779,-0.9223258609745993,-0.9787746908352232,-0.978356146964561,-0.9819228686449873,-0.9051655622774465,-0.6370336204394831,0.0
-0.5708036022970779,-0.9223258609745993,-0.9787746908352232,-0.978356146964561,-0.9819228686449873,-0.9051655622774465,-0.6370336204394831,-0.6529109911852581,3.0
-0.9223258609745993,-0.9787746908352232,-0.978356146964561,-0.9819228686449873,-0.9051655622774465,-0.6370336204394831,-0.9554454194357004,-0.6529109911852581,2.0
-0.9787746908352232,-0.978356146964561,-0.9819228686449873,-0.9051655622774465,-0.6370336204394831,-0.9554454194357004,-0.8722643745314737,-0.6529109911852581,1.0
-0.978356146964561,-0.9819228686449873,-0.9051655622774465,-0.6370336204394831,-0.9554454194357004,-0.8722643745314737,-0.9576655217061698,-0.6529109911852581,0.0
-0.9819228686449873,-0.9051655622774465,-0.6370336204394831,-0.9554454194357004,-0.8722643745314737,-0.9576655217061698,-0.6529109911852581,-0.5915670177938451,6.0
-0.9051655622774465,-0.6370336204394831,-0.9554454194357004,-0.8722643745314737,-0.9576655217061698,-0.6529109911852581,-0.8507366615317579,-0.5915670177938451,5.0
-0.6370336204394831,-0.9554454194357004,-0.8722643745314737,-0.9576655217061698,-0.6529109911852581,-0.8507366615317579,-0.7400227089617915,-0.5915670177938451,4.0
-0.9554454194357004,-0.8722643745314737,-0.9576655217061698,-0.6529109911852581,-0.8507366615317579,-0.7400227089617915,-0.7615868170806952,-0.5915670177938451,3.0
-0.8722643745314737,-0.9576655217061698,-0.6529109911852581,-0.8507366615317579,-0.7400227089617915,-0.7615868170806952,-0.9087686790770607,-0.5915670177938451,2.0
-0.9576655217061698,-0.6529109911852581,-0.8507366615317579,-0.7400227089617915,-0.7615868170806952,-0.9087686790770607,-0.8223120734459118,-0.5915670177938451,1.0
-0.6529109911852581,-0.8507366615317579,-0.7400227089617915,-0.7615868170806952,-0.9087686790770607,-0.8223120734459118,-0.8800529300377105,-0.5915670177938451,0.0
-0.8507366615317579,-0.7400227089617915,-0.7615868170806952,-0.9087686790770607,-0.8223120734459118,-0.8800529300377105,-0.5915670177938451,-0.6653581219475619,1.0
-0.7400227089617915,-0.7615868170806952,-0.9087686790770607,-0.8223120734459118,-0.8800529300377105,-0.5915670177938451,-0.8458779131201567,-0.6653581219475619,0.0
-0.7615868170806952,-0.9087686790770607,-0.8223120734459118,-0.8800529300377105,-0.5915670177938451,-0.8458779131201567,-0.6653581219475619,-0.7475201035145242,4.0
-0.9087686790770607,-0.8223120734459118,-0.8800529300377105,-0.5915670177938451,-0.8458779131201567,-0.6653581219475619,-0.7640434876258867,-0.7475201035145242,3.0
-0.8223120734459118,-0.8800529300377105,-0.5915670177938451,-0.8458779131201567,-0.6653581219475619,-0.7640434876258867,-0.9234905047886162,-0.7113615526012232,6.0
-0.8800529300377105,-0.5915670177938451,-0.8458779131201567,-0.6653581219475619,-0.7640434876258867,-0.9234905047886162,-0.877778235088459,-0.6507272840339767,6.0
-0.5915670177938451,-0.8458779131201567,-0.6653581219475619,-0.7640434876258867,-0.9234905047886162,-0.877778235088459,-0.8234585197003346,-0.6507272840339767,5.0
-0.8458779131201567,-0.6653581219475619,-0.7640434876258867,-0.9234905047886162,-0.877778235088459,-0.8234585197003346,-0.7475201035145242,-0.6507272840339767,4.0
-0.6653581219475619,-0.7640434876258867,-0.9234905047886162,-0.877778235088459,-0.8234585197003346,-0.7475201035145242,-0.798946406927201,-0.6399543287543219,6.0
-0.7640434876258867,-0.9234905047886162,-0.877778235088459,-0.8234585197003346,-0.7475201035145242,-0.798946406927201,-0.841510498817594,-0.6399543287543219,5.0
-0.9234905047886162,-0.877778235088459,-0.8234585197003346,-0.7475201035145242,-0.798946406927201,-0.841510498817594,-0.8616369997285709,-0.6399543287543219,4.0
-0.877778235088459,-0.8234585197003346,-0.7475201035145242,-0.798946406927201,-0.841510498817594,-0.8616369997285709,-0.7113615526012232,-0.4689700588089891,6.0
-0.8234585197003346,-0.7475201035145242,-0.798946406927201,-0.841510498817594,-0.8616369997285709,-0.7113615526012232,-0.6507272840339767,-0.4689700588089891,5.0
-0.7475201035145242,-0.798946406927201,-0.841510498817594,-0.8616369997285709,-0.7113615526012232,-0.6507272840339767,-0.8703718283336963,-0.4689700588089891,4.0
-0.798946406927201,-0.841510498817594,-0.8616369997285709,-0.7113615526012232,-0.6507272840339767,-0.8703718283336963,-0.8294455168067643,-0.4689700588089891,3.0
-0.841510498817594,-0.8616369997285709,-0.7113615526012232,-0.6507272840339767,-0.8703718283336963,-0.8294455168067643,-0.6399543287543219,-0.4689700588089891,2.0
-0.8616369997285709,-0.7113615526012232,-0.6507272840339767,-0.8703718283336963,-0.8294455168067643,-0.6399543287543219,-0.8401638794076371,-0.4689700588089891,1.0
-0.7113615526012232,-0.6507272840339767,-0.8703718283336963,-0.8294455168067643,-0.6399543287543219,-0.8401638794076371,-0.707794830920797,-0.4689700588089891,0.0
-0.6507272840339767,-0.8703718283336963,-0.8294455168067643,-0.6399543287543219,-0.8401638794076371,-0.707794830920797,-0.4689700588089891,-0.6950201440858009,6.0
-0.8703718283336963,-0.8294455168067643,-0.6399543287543219,-0.8401638794076371,-0.707794830920797,-0.4689700588089891,-0.8441855400779137,-0.6950201440858009,5.0
-0.8294455168067643,-0.6399543287543219,-0.8401638794076371,-0.707794830920797,-0.4689700588089891,-0.8441855400779137,-0.8496448079561172,-0.6950201440858009,4.0
-0.6399543287543219,-0.8401638794076371,-0.707794830920797,-0.4689700588089891,-0.8441855400779137,-0.8496448079561172,-0.8222756783267238,-0.46485741034074257,6.0
-0.8401638794076371,-0.707794830920797,-0.4689700588089891,-0.8441855400779137,-0.8496448079561172,-0.8222756783267238,-0.7067393724643443,-0.46485741034074257,5.0
-0.707794830920797,-0.4689700588089891,-0.8441855400779137,-0.8496448079561172,-0.8222756783267238,-0.7067393724643443,-0.795998402272971,-0.46485741034074257,4.0
-0.4689700588089891,-0.8441855400779137,-0.8496448079561172,-0.8222756783267238,-0.7067393724643443,-0.795998402272971,-0.9237998633017143,-0.46485741034074257,3.0
-0.8441855400779137,-0.8496448079561172,-0.8222756783267238,-0.7067393724643443,-0.795998402272971,-0.9237998633017143,-0.6950201440858009,-0.46485741034074257,2.0
-0.8496448079561172,-0.8222756783267238,-0.7067393724643443,-0.795998402272971,-0.9237998633017143,-0.6950201440858009,-0.8363969845716768,-0.46485741034074257,1.0
-0.8222756783267238,-0.7067393724643443,-0.795998402272971,-0.9237998633017143,-0.6950201440858009,-0.8363969845716768,-0.7602583952303322,-0.46485741034074257,0.0
-0.7067393724643443,-0.795998402272971,-0.9237998633017143,-0.6950201440858009,-0.8363969845716768,-0.7602583952303322,-0.46485741034074257,-0.49735825177564713,6.0
-0.795998402272971,-0.9237998633017143,-0.6950201440858009,-0.8363969845716768,-0.7602583952303322,-0.46485741034074257,-0.7532887299058258,-0.21287580264246442,6.0
-0.9237998633017143,-0.6950201440858009,-0.8363969845716768,-0.7602583952303322,-0.46485741034074257,-0.7532887299058258,-0.7929594098207711,-0.21287580264246442,5.0
-0.6950201440858009,-0.8363969845716768,-0.7602583952303322,-0.46485741034074257,-0.7532887299058258,-0.7929594098207711,-0.7246093759856637,-0.21287580264246442,4.0
-0.8363969845716768,-0.7602583952303322,-0.46485741034074257,-0.7532887299058258,-0.7929594098207711,-0.7246093759856637,-0.6095098115535404,-0.21287580264246442,3.0
-0.7602583952303322,-0.46485741034074257,-0.7532887299058258,-0.7929594098207711,-0.7246093759856637,-0.6095098115535404,-0.6141501892500135,-0.21287580264246442,2.0
-0.46485741034074257,-0.7532887299058258,-0.7929594098207711,-0.7246093759856637,-0.6095098115535404,-0.6141501892500135,-0.7182948228065417,-0.21287580264246442,1.0
-0.7532887299058258,-0.7929594098207711,-0.7246093759856637,-0.6095098115535404,-0.6141501892500135,-0.7182948228065417,-0.49735825177564713,-0.21287580264246442,0.0
-0.7929594098207711,-0.7246093759856637,-0.6095098115535404,-0.6141501892500135,-0.7182948228065417,-0.49735825177564713,-0.21287580264246442,-0.28404645821464364,4.0
-0.7246093759856637,-0.6095098115535404,-0.6141501892500135,-0.7182948228065417,-0.49735825177564713,-0.21287580264246442,-0.8538484442223339,-0.28404645821464364,3.0
-0.6095098115535404,-0.6141501892500135,-0.7182948228065417,-0.49735825177564713,-0.21287580264246442,-0.8538484442223339,-0.6728191213811068,-0.28404645821464364,2.0
-0.6141501892500135,-0.7182948228065417,-0.49735825177564713,-0.21287580264246442,-0.8538484442223339,-0.6728191213811068,-0.8018034237834608,-0.28404645821464364,1.0
-0.7182948228065417,-0.49735825177564713,-0.21287580264246442,-0.8538484442223339,-0.6728191213811068,-0.8018034237834608,-0.8126309717418977,-0.28404645821464364,0.0
-0.49735825177564713,-0.21287580264246442,-0.8538484442223339,-0.6728191213811068,-0.8018034237834608,-0.8126309717418977,-0.28404645821464364,-0.1978992110965929,6.0
-0.21287580264246442,-0.8538484442223339,-0.6728191213811068,-0.8018034237834608,-0.8126309717418977,-0.28404645821464364,-0.5492576917377682,0.5692553087081529,6.0
-0.8538484442223339,-0.6728191213811068,-0.8018034237834608,-0.8126309717418977,-0.28404645821464364,-0.5492576917377682,-0.6988416316005432,0.5692553087081529,5.0
-0.6728191213811068,-0.8018034237834608,-0.8126309717418977,-0.28404645821464364,-0.5492576917377682,-0.6988416316005432,-0.9223258609745993,0.5692553087081529,4.0
-0.8018034237834608,-0.8126309717418977,-0.28404645821464364,-0.5492576917377682,-0.6988416316005432,-0.9223258609745993,-0.882436810344526,0.5692553087081529,3.0
-0.8126309717418977,-0.28404645821464364,-0.5492576917377682,-0.6988416316005432,-0.9223258609745993,-0.882436810344526,-0.6958572318271254,0.5692553087081529,2.0
-0.28404645821464364,-0.5492576917377682,-0.6988416316005432,-0.9223258609745993,-0.882436810344526,-0.6958572318271254,-0.8270980316191368,0.8972663203902114,6.0
-0.5492576917377682,-0.6988416316005432,-0.9223258609745993,-0.882436810344526,-0.6958572318271254,-0.8270980316191368,-0.1978992110965929,0.8972663203902114,5.0
-0.6988416316005432,-0.9223258609745993,-0.882436810344526,-0.6958572318271254,-0.8270980316191368,-0.1978992110965929,0.5692553087081529,0.8972663203902114,4.0
-0.9223258609745993,-0.882436810344526,-0.6958572318271254,-0.8270980316191368,-0.1978992110965929,0.5692553087081529,-0.2570958724559125,0.8972663203902114,3.0
-0.882436810344526,-0.6958572318271254,-0.8270980316191368,-0.1978992110965929,0.5692553087081529,-0.2570958724559125,-0.8379437771371677,0.8972663203902114,2.0
-0.6958572318271254,-0.8270980316191368,-0.1978992110965929,0.5692553087081529,-0.2570958724559125,-0.8379437771371677,-0.6329846634298154,0.8972663203902114,1.0
-0.8270980316191368,-0.1978992110965929,0.5692553087081529,-0.2570958724559125,-0.8379437771371677,-0.6329846634298154,-0.26563052790550384,0.8972663203902114,0.0
-0.1978992110965929,0.5692553087081529,-0.2570958724559125,-0.8379437771371677,-0.6329846634298154,-0.26563052790550384,0.8972663203902114,0.6755108591775865,5.0
0.5692553087081529,-0.2570958724559125,-0.8379437771371677,-0.6329846634298154,-0.26563052790550384,0.8972663203902114,0.5496201419062143,0.8310999937063852,6.0
-0.2570958724559125,-0.8379437771371677,-0.6329846634298154,-0.26563052790550384,0.8972663203902114,0.5496201419062143,-0.22732466496010956,0.8310999937063852,5.0
-0.8379437771371677,-0.6329846634298154,-0.26563052790550384,0.8972663203902114,0.5496201419062143,-0.22732466496010956,0.37481438444613924,0.8310999937063852,4.0
-0.6329846634298154,-0.26563052790550384,0.8972663203902114,0.5496201419062143,-0.22732466496010956,0.37481438444613924,-0.5877819253982907,0.8310999937063852,3.0
-0.26563052790550384,0.8972663203902114,0.5496201419062143,-0.22732466496010956,0.37481438444613924,-0.5877819253982907,0.5912925533765009,0.8310999937063852,2.0
0.8972663203902114,0.5496201419062143,-0.22732466496010956,0.37481438444613924,-0.5877819253982907,0.5912925533765009,0.6755108591775865,0.8310999937063852,1.0
0.5496201419062143,-0.22732466496010956,0.37481438444613924,-0.5877819253982907,0.5912925533765009,0.6755108591775865,0.13540729042732308,0.8310999937063852,0.0
-0.22732466496010956,0.37481438444613924,-0.5877819253982907,0.5912925533765009,0.6755108591775865,0.13540729042732308,0.8310999937063852,0.5947500896993629,3.0
0.37481438444613924,-0.5877819253982907,0.5912925533765009,0.6755108591775865,0.13540729042732308,0.8310999937063852,-0.5360644610321098,0.5947500896993629,2.0
-0.5877819253982907,0.5912925533765009,0.6755108591775865,0.13540729042732308,0.8310999937063852,-0.5360644610321098,0.27299903851764457,0.5947500896993629,1.0
0.5912925533765009,0.6755108591775865,0.13540729042732308,0.8310999937063852,-0.5360644610321098,0.27299903851764457,-0.25050835588288034,0.5947500896993629,0.0
0.6755108591775865,0.13540729042732308,0.8310999937063852,-0.5360644610321098,0.27299903851764457,-0.25050835588288034,0.5947500896993629,0.5168827321965875,6.0
0.13540729042732308,0.8310999937063852,-0.5360644610321098,0.27299903851764457,-0.25050835588288034,0.5947500896993629,-0.6844837570808682,0.5168827321965875,5.0
0.8310999937063852,-0.5360644610321098,0.27299903851764457,-0.25050835588288034,0.5947500896993629,-0.6844837570808682,-0.06902409405180292,0.5168827321965875,4.0
-0.5360644610321098,0.27299903851764457,-0.25050835588288034,0.5947500896993629,-0.6844837570808682,-0.06902409405180292,-0.07777712021652256,0.7940315648133837,6.0
-0.45517630863672837,1.1838596864362996,1.1253727299011465,0.6567673727957545,0.9071657928093538,-0.35794674772592455,0.8615809060263548,0.619753536581535,1.0
1.1838596864362996,1.1253727299011465,0.6567673727957545,0.9071657928093538,-0.35794674772592455,0.8615809060263548,0.21684136961052472,1.6699165031923489,6.0
1.1253727299011465,0.6567673727957545,0.9071657928093538,-0.35794674772592455,0.8615809060263548,0.21684136961052472,0.619753536581535,1.6699165031923489,5.0
0.6567673727957545,0.9071657928093538,-0.35794674772592455,0.8615809060263548,0.21684136961052472,0.619753536581535,-0.05157263440114576,1.6699165031923489,4.0
0.9071657928093538,-0.35794674772592455,0.8615809060263548,0.21684136961052472,0.619753536581535,-0.05157263440114576,-0.38440599937561737,1.7412873319200617,6.0
-0.35794674772592455,0.8615809060263548,0.21684136961052472,0.619753536581535,-0.05157263440114576,-0.38440599937561737,-0.0899876827041043,1.7412873319200617,5.0
0.8615809060263548,0.21684136961052472,0.619753536581535,-0.05157263440114576,-0.38440599937561737,-0.0899876827041043,-0.1354269890103511,2.7091609340467553,6.0
0.21684136961052472,0.619753536581535,-0.05157263440114576,-0.38440599937561737,-0.0899876827041043,-0.1354269890103511,-0.26104474288781304,2.7091609340467553,5.0
0.619753536581535,-0.05157263440114576,-0.38440599937561737,-0.0899876827041043,-0.1354269890103511,-0.26104474288781304,1.6699165031923489,2.7091609340467553,4.0
-0.05157263440114576,-0.38440599937561737,-0.0899876827041043,-0.1354269890103511,-0.26104474288781304,1.6699165031923489,0.5507483906010432,2.7091609340467553,3.0
-0.38440599937561737,-0.0899876827041043,-0.1354269890103511,-0.26104474288781304,1.6699165031923489,0.5507483906010432,1.2491343327000193,2.7091609340467553,2.0
-0.0899876827041043,-0.1354269890103511,-0.26104474288781304,1.6699165031923489,0.5507483906010432,1.2491343327000193,1.7412873319200617,2.7091609340467553,1.0
-0.1354269890103511,-0.26104474288781304,1.6699165031923489,0.5507483906010432,1.2491343327000193,1.7412873319200617,0.4734269598860881,2.7091609340467553,0.0
-0.26104474288781304,1.6699165031923489,0.5507483906010432,1.2491343327000193,1.7412873319200617,0.4734269598860881,2.7091609340467553,2.373670725371558,4.0
1.6699165031923489,0.5507483906010432,1.2491343327000193,1.7412873319200617,0.4734269598860881,2.7091609340467553,1.6071531201526028,2.373670725371558,3.0
0.5507483906010432,1.2491343327000193,1.7412873319200617,0.4734269598860881,2.7091609340467553,1.6071531201526028,1.1681187973874798,2.373670725371558,2.0
1.2491343327000193,1.7412873319200617,0.4734269598860881,2.7091609340467553,1.6071531201526028,1.1681187973874798,2.275221927967955,2.373670725371558,1.0
1.7412873319200617,0.4734269598860881,2.7091609340467553,1.6071531201526028,1.1681187973874798,2.275221927967955,1.4420466619561356,2.373670725371558,0.0
0.4734269598860881,2.7091609340467553,1.6071531201526028,1.1681187973874798,2.275221927967955,1.4420466619561356,2.373670725371558,2.5641263840824826,6.0
2.7091609340467553,1.6071531201526028,1.1681187973874798,2.275221927967955,1.4420466619561356,2.373670725371558,0.7508305583372004,2.5641263840824826,5.0
1.6071531201526028,1.1681187973874798,2.275221927967955,1.4420466619561356,2.373670725371558,0.7508305583372004,1.143151745624496,2.5641263840824826,4.0
1.1681187973874798,2.275221927967955,1.4420466619561356,2.373670725371558,0.7508305583372004,1.143151745624496,2.2451595595186484,2.994880817232331,6.0
2.275221927967955,1.4420466619561356,2.373670725371558,0.7508305583372004,1.143151745624496,2.2451595595186484,1.4108742423715939,2.994880817232331,5.0
1.4420466619561356,2.373670725371558,0.7508305583372004,1.143151745624496,2.2451595595186484,1.4108742423715939,0.21700514764687087,2.994880817232331,4.0
2.373670725371558,0.7508305583372004,1.143151745624496,2.2451595595186484,1.4108742423715939,0.21700514764687087,1.7829233482711606,3.340889215352867,6.0
0.7508305583372004,1.143151745624496,2.2451595595186484,1.4108742423715939,0.21700514764687087,1.7829233482711606,2.5641263840824826,3.340889215352867,5.0
1.143151745624496,2.2451595595186484,1.4108742423715939,0.21700514764687087,1.7829233482711606,2.5641263840824826,1.4166974614416776,3.340889215352867,4.0
2.2451595595186484,1.4108742423715939,0.21700514764687087,1.7829233482711606,2.5641263840824826,1.4166974614416776,2.2459056594620024,3.340889215352867,3.0
1.4108742423715939,0.21700514764687087,1.7829233482711606,2.5641263840824826,1.4166974614416776,2.2459056594620024,2.994880817232331,3.340889215352867,2.0
0.21700514764687087,1.7829233482711606,2.5641263840824826,1.4166974614416776,2.2459056594620024,2.994880817232331,1.733589764211795,3.340889215352867,1.0
1.7829233482711606,2.5641263840824826,1.4166974614416776,2.2459056594620024,2.994880817232331,1.733589764211795,1.6149598732184336,3.340889215352867,0.0
2.5641263840824826,1.4166974614416776,2.2459056594620024,2.994880817232331,1.733589764211795,1.6149598732184336,3.340889215352867,2.617900172682787,0.0
1.4166974614416776,2.2459056594620024,2.994880817232331,1.733589764211795,1.6149598732184336,3.340889215352867,2.617900172682787,2.327976653230995,3.0
2.2459056594620024,2.994880817232331,1.733589764211795,1.6149598732184336,3.340889215352867,2.617900172682787,1.1043181534508753,2.327976653230995,2.0
2.994880817232331,1.733589764211795,1.6149598732184336,3.340889215352867,2.617900172682787,1.1043181534508753,0.4551202149345122,2.327976653230995,1.0
1.733589764211795,1.6149598732184336,3.340889215352867,2.617900172682787,1.1043181534508753,0.4551202149345122,2.25764308540014,2.327976653230995,0.0
1.6149598732184336,3.340889215352867,2.617900172682787,1.1043181534508753,0.4551202149345122,2.25764308540014,2.327976653230995,2.1958623705784714,1.0
3.340889215352867,2.617900172682787,1.1043181534508753,0.4551202149345122,2.25764308540014,2.327976653230995,0.1880346327732045,2.1958623705784714,0.0
2.617900172682787,1.1043181534508753,0.4551202149345122,2.25764308540014,2.327976653230995,0.1880346327732045,2.1958623705784714,2.108404899169652,4.0
1.1043181534508753,0.4551202149345122,2.25764308540014,2.327976653230995,0.1880346327732045,2.1958623705784714,1.1006786415320726,2.1763181915745022,6.0
0.4551202149345122,2.25764308540014,2.327976653230995,0.1880346327732045,2.1958623705784714,1.1006786415320726,1.4391896450998758,2.1763181915745022,5.0
2.25764308540014,2.327976653230995,0.1880346327732045,2.1958623705784714,1.1006786415320726,1.4391896450998758,1.9275757494839583,2.39259618734933,6.0
2.327976653230995,0.1880346327732045,2.1958623705784714,1.1006786415320726,1.4391896450998758,1.9275757494839583,1.815424189706065,2.3993292843991143,6.0
0.1880346327732045,2.1958623705784714,1.1006786415320726,1.4391896450998758,1.9275757494839583,1.815424189706065,2.108404899169652,2.3993292843991143,5.0
2.1958623705784714,1.1006786415320726,1.4391896450998758,1.9275757494839583,1.815424189706065,2.108404899169652,2.0710453093231456,2.3993292843991143,4.0
1.1006786415320726,1.4391896450998758,1.9275757494839583,1.815424189706065,2.108404899169652,2.0710453093231456,1.4576783656473915,2.3993292843991143,3.0
1.4391896450998758,1.9275757494839583,1.815424189706065,2.108404899169652,2.0710453093231456,1.4576783656473915,2.1763181915745022,2.3993292843991143,2.0
1.9275757494839583,1.815424189706065,2.108404899169652,2.0710453093231456,1.4576783656473915,2.1763181915745022,0.8467498949572353,2.3993292843991143,1.0
1.815424189706065,2.108404899169652,2.0710453093231456,1.4576783656473915,2.1763181915745022,0.8467498949572353,2.39259618734933,2.3993292843991143,0.0
2.108404899169652,2.0710453093231456,1.4576783656473915,2.1763181915745022,0.8467498949572353,2.39259618734933,2.3993292843991143,2.1933329097949033,6.0
2.0710453093231456,1.4576783656473915,2.1763181915745022,0.8467498949572353,2.39259618734933,2.3993292843991143,0.9179387480890085,2.858435515396432,6.0
1.4576783656473915,2.1763181915745022,0.8467498949572353,2.39259618734933,2.3993292843991143,0.9179387480890085,1.6301366379198392,2.858435515396432,5.0
2.1763181915745022,0.8467498949572353,2.39259618734933,2.3993292843991143,0.9179387480890085,1.6301366379198392,1.8701260538456639,2.858435515396432,4.0
0.8467498949572353,2.39259618734933,2.3993292843991143,0.9179387480890085,1.6301366379198392,1.8701260538456639,1.2025667776989433,2.858435515396432,3.0
2.39259618734933,2.3993292843991143,0.9179387480890085,1.6301366379198392,1.8701260538456639,1.2025667776989433,1.9054475170176406,2.858435515396432,2.0
2.3993292843991143,0.9179387480890085,1.6301366379198392,1.8701260538456639,1.2025667776989433,1.9054475170176406,1.5717224716230624,2.858435515396432,1.0
0.9179387480890085,1.6301366379198392,1.8701260538456639,1.2025667776989433,1.9054475170176406,1.5717224716230624,2.1933329097949033,2.858435515396432,0.0
1.6301366379198392,1.8701260538456639,1.2025667776989433,1.9054475170176406,1.5717224716230624,2.1933329097949033,2.858435515396432,2.8429493921819287,6.0
1.8701260538456639,1.2025667776989433,1.9054475170176406,1.5717224716230624,2.1933329097949033,2.858435515396432,2.189747990554883,2.8429493921819287,5.0
1.2025667776989433,1.9054475170176406,1.5717224716230624,2.1933329097949033,2.858435515396432,2.189747990554883,1.0962202394315397,2.8429493921819287,4.0
1.9054475170176406,1.5717224716230624,2.1933329097949033,2.858435515396432,2.189747990554883,1.0962202394315397,2.2436855571915335,2.8429493921819287,3.0
1.5717224716230624,2.1933329097949033,2.858435515396432,2.189747990554883,1.0962202394315397,2.2436855571915335,0.9853607063848214,2.8429493921819287,2.0
2.1933329097949033,2.858435515396432,2.189747990554883,1.0962202394315397,2.2436855571915335,0.9853607063848214,1.5202779706507914,2.8429493921819287,1.0
2.858435515396432,2.189747990554883,1.0962202394315397,2.2436855571915335,0.9853607063848214,1.5202779706507914,0.8636190327008841,2.8429493921819287,0.0
2.189747990554883,1.0962202394315397,2.2436855571915335,0.9853607063848214,1.5202779706507914,0.8636190327008841,2.8429493921819287,1.9393131754220958,1.0
1.0962202394315397,2.2436855571915335,0.9853607063848214,1.5202779706507914,0.8636190327008841,2.8429493921819287,1.234721865501562,1.9393131754220958,0.0
2.2436855571915335,0.9853607063848214,1.5202779706507914,0.8636190327008841,2.8429493921819287,1.234721865501562,1.9393131754220958,2.02982783684271,6.0
0.9853607063848214,1.5202779706507914,0.8636190327008841,2.8429493921819287,1.234721865501562,1.9393131754220958,0.4192528249747156,3.02517975395636,6.0
1.5202779706507914,0.8636190327008841,2.8429493921819287,1.234721865501562,1.9393131754220958,0.4192528249747156,1.332570143438562,3.02517975395636,5.0
0.8636190327008841,2.8429493921819287,1.234721865501562,1.9393131754220958,0.4192528249747156,1.332570143438562,1.7086409100084052,3.02517975395636,4.0
2.8429493921819287,1.234721865501562,1.9393131754220958,0.4192528249747156,1.332570143438562,1.7086409100084052,1.8051243709758547,3.02517975395636,3.0
1.234721865501562,1.9393131754220958,0.4192528249747156,1.332570143438562,1.7086409100084052,1.8051243709758547,0.7094129127012301,3.02517975395636,2.0
1.9393131754220958,0.4192528249747156,1.332570143438562,1.7086409100084052,1.8051243709758547,0.7094129127012301,1.345435818071528,3.02517975395636,1.0
0.4192528249747156,1.332570143438562,1.7086409100084052,1.8051243709758547,0.7094129127012301,1.345435818071528,2.02982783684271,3.02517975395636,0.0
1.332570143438562,1.7086409100084052,1.8051243709758547,0.7094129127012301,1.345435818071528,2.02982783684271,3.02517975395636,2.222467202704916,2.0
1.7086409100084052,1.8051243709758547,0.7094129127012301,1.345435818071528,2.02982783684271,3.02517975395636,2.1961171364127874,2.222467202704916,1.0
1.8051243709758547,0.7094129127012301,1.345435818071528,2.02982783684271,3.02517975395636,2.1961171364127874,1.0849013573640647,2.222467202704916,0.0
0.7094129127012301,1.345435818071528,2.02982783684271,3.02517975395636,2.1961171364127874,1.0849013573640647,2.222467202704916,1.189519127470037,6.0
1.345435818071528,2.02982783684271,3.02517975395636,2.1961171364127874,1.0849013573640647,2.222467202704916,0.5398480524042302,1.189519127470037,5.0
2.02982783684271,3.02517975395636,2.1961171364127874,1.0849013573640647,2.222467202704916,0.5398480524042302,1.1871716422824097,2.467697515793816,6.0
3.02517975395636,2.1961171364127874,1.0849013573640647,2.222467202704916,0.5398480524042302,1.1871716422824097,0.9853607063848214,2.467697515793816,5.0
2.1961171364127874,1.0849013573640647,2.222467202704916,0.5398480524042302,1.1871716422824097,0.9853607063848214,0.3947407122015818,2.467697515793816,4.0
1.0849013573640647,2.222467202704916,0.5398480524042302,1.1871716422824097,0.9853607063848214,0.3947407122015818,0.37685251112066853,2.467697515793816,3.0
2.222467202704916,0.5398480524042302,1.1871716422824097,0.9853607063848214,0.3947407122015818,0.37685251112066853,0.6039762524135269,2.467697515793816,2.0
0.5398480524042302,1.1871716422824097,0.9853607063848214,0.3947407122015818,0.37685251112066853,0.6039762524135269,1.189519127470037,2.467697515793816,1.0
1.1871716422824097,0.9853607063848214,0.3947407122015818,0.37685251112066853,0.6039762524135269,1.189519127470037,1.1729957433586746,2.467697515793816,0.0
0.9853607063848214,0.3947407122015818,0.37685251112066853,0.6039762524135269,1.189519127470037,1.1729957433586746,2.467697515793816,2.4497547220341205,0.0
0.3947407122015818,0.37685251112066853,0.6039762524135269,1.189519127470037,1.1729957433586746,2.467697515793816,2.4497547220341205,1.6393628006340033,3.0
0.37685251112066853,0.6039762524135269,1.189519127470037,1.1729957433586746,2.467697515793816,2.4497547220341205,1.3300952753337765,1.6393628006340033,2.0
0.6039762524135269,1.189519127470037,1.1729957433586746,2.467697515793816,2.4497547220341205,1.3300952753337765,1.5029356963576985,1.6393628006340033,1.0
1.189519127470037,1.1729957433586746,2.467697515793816,2.4497547220341205,1.3300952753337765,1.5029356963576985,0.29905794385626916,1.6393628006340033,0.0
1.1729957433586746,2.467697515793816,2.4497547220341205,1.3300952753337765,1.5029356963576985,0.29905794385626916,1.6393628006340033,1.4247407827822307,0.0
2.467697515793816,2.4497547220341205,1.3300952753337765,1.5029356963576985,0.29905794385626916,1.6393628006340033,1.4247407827822307,1.411456564278602,0.0
2.4497547220341205,1.3300952753337765,1.5029356963576985,0.29905794385626916,1.6393628006340033,1.4247407827822307,1.411456564278602,1.1825009353199467,4.0
1.3300952753337765,1.5029356963576985,0.29905794385626916,1.6393628006340033,1.4247407827822307,1.411456564278602,1.0284889226226288,1.1825009353199467,3.0
1.5029356963576985,0.29905794385626916,1.6393628006340033,1.4247407827822307,1.411456564278602,1.0284889226226288,0.2342018414632118,1.1825009353199467,2.0
0.29905794385626916,1.6393628006340033,1.4247407827822307,1.411456564278602,1.0284889226226288,0.2342018414632118,-0.07582998133996333,1.1825009353199467,1.0
1.6393628006340033,1.4247407827822307,1.411456564278602,1.0284889226226288,0.2342018414632118,-0.07582998133996333,0.20692460950976824,1.1825009353199467,0.0
1.4247407827822307,1.411456564278602,1.0284889226226288,0.2342018414632118,-0.07582998133996333,0.20692460950976824,1.1825009353199467,0.5857059025811394,4.0
1.411456564278602,1.0284889226226288,0.2342018414632118,-0.07582998133996333,0.20692460950976824,1.1825009353199467,0.19887400914537756,0.5857059025811394,3.0
1.0284889226226288,0.2342018414632118,-0.07582998133996333,0.20692460950976824,1.1825009353199467,0.19887400914537756,-0.5060026991681226,0.5857059025811394,2.0
0.2342018414632118,-0.07582998133996333,0.20692460950976824,1.1825009353199467,0.19887400914537756,-0.5060026991681226,0.49058725858324087,0.5857059025811394,1.0
-0.07582998133996333,0.20692460950976824,1.1825009353199467,0.19887400914537756,-0.5060026991681226,0.49058725858324087,0.37972772553652234,0.5857059025811394,0.0
0.20692460950976824,1.1825009353199467,0.19887400914537756,-0.5060026991681226,0.49058725858324087,0.37972772553652234,0.5857059025811394,1.0988770831322656,6.0
1.1825009353199467,0.19887400914537756,-0.5060026991681226,0.49058725858324087,0.37972772553652234,0.5857059025811394,0.30633696769387364,1.0988770831322656,5.0
0.19887400914537756,-0.5060026991681226,0.49058725858324087,0.37972772553652234,0.5857059025811394,0.30633696769387364,0.14570710915753354,1.0988770831322656,4.0
-0.5060026991681226,0.49058725858324087,0.37972772553652234,0.5857059025811394,0.30633696769387364,0.14570710915753354,0.013865789898919909,1.0988770831322656,3.0
0.49058725858324087,0.37972772553652234,0.5857059025811394,0.30633696769387364,0.14570710915753354,0.013865789898919909,-0.046167959201724416,1.0988770831322656,2.0
0.37972772553652234,0.5857059025811394,0.30633696769387364,0.14570710915753354,0.013865789898919909,-0.046167959201724416,0.09364389115906646,1.1315780977227043,6.0
0.5857059025811394,0.30633696769387364,0.14570710915753354,0.013865789898919909,-0.046167959201724416,0.09364389115906646,0.33643573126236886,1.1315780977227043,5.0
0.30633696769387364,0.14570710915753354,0.013865789898919909,-0.046167959201724416,0.09364389115906646,0.33643573126236886,1.0988770831322656,1.1315780977227043,4.0
0.14570710915753354,0.013865789898919909,-0.046167959201724416,0.09364389115906646,0.33643573126236886,1.0988770831322656,0.24113511166853022,1.1315780977227043,3.0
0.013865789898919909,-0.046167959201724416,0.09364389115906646,0.33643573126236886,1.0988770831322656,0.24113511166853022,0.6739094739333135,1.1315780977227043,2.0
-0.046167959201724416,0.09364389115906646,0.33643573126236886,1.0988770831322656,0.24113511166853022,0.6739094739333135,0.4996678408206526,1.1315780977227043,1.0
0.09364389115906646,0.33643573126236886,1.0988770831322656,0.24113511166853022,0.6739094739333135,0.4996678408206526,0.8392888955236907,1.1315780977227043,0.0
0.33643573126236886,1.0988770831322656,0.24113511166853022,0.6739094739333135,0.4996678408206526,0.8392888955236907,1.1315780977227043,1.0822081185441512,4.0
1.0988770831322656,0.24113511166853022,0.6739094739333135,0.4996678408206526,0.8392888955236907,1.1315780977227043,0.6994406500437117,1.0822081185441512,3.0
0.24113511166853022,0.6739094739333135,0.4996678408206526,0.8392888955236907,1.1315780977227043,0.6994406500437117,0.29878498046235896,1.0822081185441512,2.0
0.6739094739333135,0.4996678408206526,0.8392888955236907,1.1315780977227043,0.6994406500437117,0.29878498046235896,-0.3016253007824588,1.0822081185441512,1.0
0.4996678408206526,0.8392888955236907,1.1315780977227043,0.6994406500437117,0.29878498046235896,-0.3016253007824588,0.7939587745750077,1.1872444325207858,6.0
0.8392888955236907,1.1315780977227043,0.6994406500437117,0.29878498046235896,-0.3016253007824588,0.7939587745750077,1.0822081185441512,1.277049389117233,6.0
1.1315780977227043,0.6994406500437117,0.29878498046235896,-0.3016253007824588,0.7939587745750077,1.0822081185441512,0.4197077639645659,1.277049389117233,5.0
0.6994406500437117,0.29878498046235896,-0.3016253007824588,0.7939587745750077,1.0822081185441512,0.4197077639645659,0.8630549083534697,1.277049389117233,4.0
0.29878498046235896,-0.3016253007824588,0.7939587745750077,1.0822081185441512,0.4197077639645659,0.8630549083534697,0.7954691720213108,1.4289080239292593,6.0
-0.3016253007824588,0.7939587745750077,1.0822081185441512,0.4197077639645659,0.8630549083534697,0.7954691720213108,0.9424508608621421,1.4289080239292593,5.0
0.7939587745750077,1.0822081185441512,0.4197077639645659,0.8630549083534697,0.7954691720213108,0.9424508608621421,0.07943159711614357,1.4289080239292593,4.0
1.0822081185441512,0.4197077639645659,0.8630549083534697,0.7954691720213108,0.9424508608621421,0.07943159711614357,1.1872444325207858,1.4289080239292593,3.0
0.4197077639645659,0.8630549083534697,0.7954691720213108,0.9424508608621421,0.07943159711614357,1.1872444325207858,1.277049389117233,1.4289080239292593,2.0
0.8630549083534697,0.7954691720213108,0.9424508608621421,0.07943159711614357,1.1872444325207858,1.277049389117233,0.2799505062825569,1.4289080239292593,1.0
0.7954691720213108,0.9424508608621421,0.07943159711614357,1.1872444325207858,1.277049389117233,0.2799505062825569,0.18383099650698795,1.4289080239292593,0.0
0.9424508608621421,0.07943159711614357,1.1872444325207858,1.277049389117233,0.2799505062825569,0.18383099650698795,1.4289080239292593,1.0187168331206446,3.0
0.07943159711614357,1.1872444325207858,1.277049389117233,0.2799505062825569,0.18383099650698795,1.4289080239292593,-0.029808353126708004,1.0187168331206446,2.0
1.1872444325207858,1.277049389117233,0.2799505062825569,0.18383099650698795,1.4289080239292593,-0.029808353126708004,0.9511674919076739,1.0187168331206446,1.0
1.277049389117233,0.2799505062825569,0.18383099650698795,1.4289080239292593,-0.029808353126708004,0.9511674919076739,-0.1271652969546699,1.0187168331206446,0.0
0.2799505062825569,0.18383099650698795,1.4289080239292593,-0.029808353126708004,0.9511674919076739,-0.1271652969546699,1.0187168331206446,0.9817393920256131,2.0
0.18383099650698795,1.4289080239292593,-0.029808353126708004,0.9511674919076739,-0.1271652969546699,1.0187168331206446,-0.8059160722517074,0.9817393920256131,1.0
1.4289080239292593,-0.029808353126708004,0.9511674919076739,-0.1271652969546699,1.0187168331206446,-0.8059160722517074,-0.07271819864938726,0.9817393920256131,0.0
-0.029808353126708004,0.9511674919076739,-0.1271652969546699,1.0187168331206446,-0.8059160722517074,-0.07271819864938726,0.9817393920256131,1.1624411587941479,6.0
0.9511674919076739,-0.1271652969546699,1.0187168331206446,-0.8059160722517074,-0.07271819864938726,0.9817393920256131,0.44629439853141667,1.1624411587941479,5.0
-0.1271652969546699,1.0187168331206446,-0.8059160722517074,-0.07271819864938726,0.9817393920256131,0.44629439853141667,-0.5779734407771184,1.1624411587941479,4.0
1.0187168331206446,-0.8059160722517074,-0.07271819864938726,0.9817393920256131,0.44629439853141667,-0.5779734407771184,0.2411533092281244,1.1624411587941479,3.0
-0.8059160722517074,-0.07271819864938726,0.9817393920256131,0.44629439853141667,-0.5779734407771184,0.2411533092281244,-0.20514183981500944,1.1624411587941479,2.0
-0.07271819864938726,0.9817393920256131,0.44629439853141667,-0.5779734407771184,0.2411533092281244,-0.20514183981500944,-0.10756652527191946,1.1624411587941479,1.0
0.9817393920256131,0.44629439853141667,-0.5779734407771184,0.2411533092281244,-0.20514183981500944,-0.10756652527191946,0.5516582685807436,1.1624411587941479,0.0
0.44629439853141667,-0.5779734407771184,0.2411533092281244,-0.20514183981500944,-0.10756652527191946,0.5516582685807436,1.1624411587941479,1.0716535339796245,3.0
-0.5779734407771184,0.2411533092281244,-0.20514183981500944,-0.10756652527191946,0.5516582685807436,1.1624411587941479,0.07036921243832582,1.0716535339796245,2.0
0.2411533092281244,-0.20514183981500944,-0.10756652527191946,0.5516582685807436,1.1624411587941479,0.07036921243832582,1.0372601463469426,1.0716535339796245,1.0
-0.20514183981500944,-0.10756652527191946,0.5516582685807436,1.1624411587941479,0.07036921243832582,1.0372601463469426,0.7840411045962715,1.0716535339796245,0.0
-0.10756652527191946,0.5516582685807436,1.1624411587941479,0.07036921243832582,1.0372601463469426,0.7840411045962715,1.0716535339796245,0.5070378524562273,6.0
0.5516582685807436,1.1624411587941479,0.07036921243832582,1.0372601463469426,0.7840411045962715,1.0716535339796245,0.43171815329661334,0.5070378524562273,5.0
1.1624411587941479,0.07036921243832582,1.0372601463469426,0.7840411045962715,1.0716535339796245,0.43171815329661334,0.2232651081472109,0.5070378524562273,4.0
0.07036921243832582,1.0372601463469426,0.7840411045962715,1.0716535339796245,0.43171815329661334,0.2232651081472109,-0.4456771825286544,0.5070378524562273,3.0
1.0372601463469426,0.7840411045962715,1.0716535339796245,0.43171815329661334,0.2232651081472109,-0.4456771825286544,-0.4664042029062335,0.5070378524562273,2.0
0.7840411045962715,1.0716535339796245,0.43171815329661334,0.2232651081472109,-0.4456771825286544,-0.4664042029062335,-0.718731564236798,0.5070378524562273,1.0
1.0716535339796245,0.43171815329661334,0.2232651081472109,-0.4456771825286544,-0.4664042029062335,-0.718731564236798,0.23303719764919517,0.5070378524562273,0.0
0.43171815329661334,0.2232651081472109,-0.4456771825286544,-0.4664042029062335,-0.718731564236798,0.23303719764919517,0.5070378524562273,0.20204675366059352,1.0
0.2232651081472109,-0.4456771825286544,-0.4664042029062335,-0.718731564236798,0.23303719764919517,0.5070378524562273,0.18204763566677465,0.20204675366059352,0.0
-0.4456771825286544,-0.4664042029062335,-0.718731564236798,0.23303719764919517,0.5070378524562273,0.18204763566677465,0.20204675366059352,0.18794364497523444,5.0
-0.4664042029062335,-0.718731564236798,0.23303719764919517,0.5070378524562273,0.18204763566677465,0.20204675366059352,0.06824009796582625,0.18794364497523444,4.0
-0.718731564236798,0.23303719764919517,0.5070378524562273,0.18204763566677465,0.20204675366059352,0.06824009796582625,-0.7816769228724839,0.18794364497523444,3.0
0.23303719764919517,0.5070378524562273,0.18204763566677465,0.20204675366059352,0.06824009796582625,-0.7816769228724839,-1.0014488500893617,0.18794364497523444,2.0
0.5070378524562273,0.18204763566677465,0.20204675366059352,0.06824009796582625,-0.7816769228724839,-1.0014488500893617,-0.7414239210505303,0.5855239269851993,6.0
0.18204763566677465,0.20204675366059352,0.06824009796582625,-0.7816769228724839,-1.0014488500893617,-0.7414239210505303,-0.5490029259034521,0.6432647835769979,6.0
0.20204675366059352,0.06824009796582625,-0.7816769228724839,-1.0014488500893617,-0.7414239210505303,-0.5490029259034521,0.18794364497523444,0.6432647835769979,5.0
0.06824009796582625,-0.7816769228724839,-1.0014488500893617,-0.7414239210505303,-0.5490029259034521,0.18794364497523444,-0.8538848393415218,0.6432647835769979,4.0
-0.7816769228724839,-1.0014488500893617,-0.7414239210505303,-0.5490029259034521,0.18794364497523444,-0.8538848393415218,-0.22226574339297428,0.6432647835769979,3.0
-1.0014488500893617,-0.7414239210505303,-0.5490029259034521,0.18794364497523444,-0.8538848393415218,-0.22226574339297428,-0.4601442424058936,0.6432647835769979,2.0
-0.7414239210505303,-0.5490029259034521,0.18794364497523444,-0.8538848393415218,-0.22226574339297428,-0.4601442424058936,-0.7591847392142856,0.6432647835769979,1.0
-0.5490029259034521,0.18794364497523444,-0.8538848393415218,-0.22226574339297428,-0.4601442424058936,-0.7591847392142856,0.5855239269851993,0.6432647835769979,0.0
0.18794364497523444,-0.8538848393415218,-0.22226574339297428,-0.4601442424058936,-0.7591847392142856,0.5855239269851993,0.6432647835769979,0.5721669182431947,0.0
-0.8538848393415218,-0.22226574339297428,-0.4601442424058936,-0.7591847392142856,0.5855239269851993,0.6432647835769979,0.5721669182431947,0.1976793393580306,0.0
-0.22226574339297428,-0.4601442424058936,-0.7591847392142856,0.5855239269851993,0.6432647835769979,0.5721669182431947,0.1976793393580306,-0.35421624800915213,2.0
-0.4601442424058936,-0.7591847392142856,0.5855239269851993,0.6432647835769979,0.5721669182431947,0.1976793393580306,-0.6079812165476435,0.18426773793724405,6.0
-0.7591847392142856,0.5855239269851993,0.6432647835769979,0.5721669182431947,0.1976793393580306,-0.6079812165476435,-0.525437086229207,0.18426773793724405,5.0
0.5855239269851993,0.6432647835769979,0.5721669182431947,0.1976793393580306,-0.6079812165476435,-0.525437086229207,-0.35421624800915213,0.18426773793724405,4.0
0.6432647835769979,0.5721669182431947,0.1976793393580306,-0.6079812165476435,-0.525437086229207,-0.35421624800915213,-0.857196795187632,0.18426773793724405,3.0
0.5721669182431947,0.1976793393580306,-0.6079812165476435,-0.525437086229207,-0.35421624800915213,-0.857196795187632,-0.8326300897357163,0.18426773793724405,2.0
0.1976793393580306,-0.6079812165476435,-0.525437086229207,-0.35421624800915213,-0.857196795187632,-0.8326300897357163,-0.7814585521573559,0.7152543293309077,6.0
-0.6079812165476435,-0.525437086229207,-0.35421624800915213,-0.857196795187632,-0.8326300897357163,-0.7814585521573559,-0.9025633112555027,0.7152543293309077,5.0
-0.525437086229207,-0.35421624800915213,-0.857196795187632,-0.8326300897357163,-0.7814585521573559,-0.9025633112555027,0.18426773793724405,0.7152543293309077,4.0
-0.35421624800915213,-0.857196795187632,-0.8326300897357163,-0.7814585521573559,-0.9025633112555027,0.18426773793724405,-0.09046081925354857,0.7152543293309077,3.0
-0.857196795187632,-0.8326300897357163,-0.7814585521573559,-0.9025633112555027,0.18426773793724405,-0.09046081925354857,-0.7889013540313065,0.7152543293309077,2.0
-0.8326300897357163,-0.7814585521573559,-0.9025633112555027,0.18426773793724405,-0.09046081925354857,-0.7889013540313065,-0.5989552269890138,0.7152543293309077,1.0
-0.7814585521573559,-0.9025633112555027,0.18426773793724405,-0.09046081925354857,-0.7889013540313065,-0.5989552269890138,-0.05524854143913615,0.7152543293309077,0.0
-0.9025633112555027,0.18426773793724405,-0.09046081925354857,-0.7889013540313065,-0.5989552269890138,-0.05524854143913615,0.7152543293309077,0.3802372572051548,1.0
0.18426773793724405,-0.09046081925354857,-0.7889013540313065,-0.5989552269890138,-0.05524854143913615,0.7152543293309077,-0.0542294781018715,0.3802372572051548,0.0
-0.09046081925354857,-0.7889013540313065,-0.5989552269890138,-0.05524854143913615,0.7152543293309077,-0.0542294781018715,0.3802372572051548,-0.6577697395968591,3.0
-0.7889013540313065,-0.5989552269890138,-0.05524854143913615,0.7152543293309077,-0.0542294781018715,0.3802372572051548,-0.7810582058462875,-0.6577697395968591,2.0
-0.5989552269890138,-0.05524854143913615,0.7152543293309077,-0.0542294781018715,0.3802372572051548,-0.7810582058462875,-0.8289905778169141,-0.6577697395968591,1.0
-0.05524854143913615,0.7152543293309077,-0.0542294781018715,0.3802372572051548,-0.7810582058462875,-0.8289905778169141,-0.8038051553388019,0.5073654085289196,6.0
0.7152543293309077,-0.0542294781018715,0.3802372572051548,-0.7810582058462875,-0.8289905778169141,-0.8038051553388019,-0.6577697395968591,0.5073654085289196,5.0
-0.0542294781018715,0.3802372572051548,-0.7810582058462875,-0.8289905778169141,-0.8038051553388019,-0.6577697395968591,-0.8010391262805123,0.5073654085289196,4.0
0.3802372572051548,-0.7810582058462875,-0.8289905778169141,-0.8038051553388019,-0.6577697395968591,-0.8010391262805123,-0.7935781268469676,0.5073654085289196,3.0
-0.7810582058462875,-0.8289905778169141,-0.8038051553388019,-0.6577697395968591,-0.8010391262805123,-0.7935781268469676,-0.8455503570474646,0.5073654085289196,2.0
-0.8289905778169141,-0.8038051553388019,-0.6577697395968591,-0.8010391262805123,-0.7935781268469676,-0.8455503570474646,-0.8373250601109714,0.5073654085289196,1.0
-0.8038051553388019,-0.6577697395968591,-0.8010391262805123,-0.7935781268469676,-0.8455503570474646,-0.8373250601109714,-0.8070807160657242,0.5073654085289196,0.0
-0.6577697395968591,-0.8010391262805123,-0.7935781268469676,-0.8455503570474646,-0.8373250601109714,-0.8070807160657242,0.5073654085289196,-0.24202829311207089,0.0
-0.8010391262805123,-0.7935781268469676,-0.8455503570474646,-0.8373250601109714,-0.8070807160657242,0.5073654085289196,-0.24202829311207089,-0.619700444926187,5.0
-0.7935781268469676,-0.8455503570474646,-0.8373250601109714,-0.8070807160657242,0.5073654085289196,-0.24202829311207089,-0.6445219162124187,-0.619700444926187,4.0
-0.8455503570474646,-0.8373250601109714,-0.8070807160657242,0.5073654085289196,-0.24202829311207089,-0.6445219162124187,-0.9046014379300321,-0.619700444926187,3.0
-0.8373250601109714,-0.8070807160657242,0.5073654085289196,-0.24202829311207089,-0.6445219162124187,-0.9046014379300321,-0.8577063268562642,-0.619700444926187,2.0
-0.8070807160657242,0.5073654085289196,-0.24202829311207089,-0.6445219162124187,-0.9046014379300321,-0.8577063268562642,-0.8403822501227652,-0.619700444926187,1.0
0.5073654085289196,-0.24202829311207089,-0.6445219162124187,-0.9046014379300321,-0.8577063268562642,-0.8403822501227652,-0.701407487503299,-0.619700444926187,0.0
-0.24202829311207089,-0.6445219162124187,-0.9046014379300321,-0.8577063268562642,-0.8403822501227652,-0.701407487503299,-0.619700444926187,-0.6561501567929922,5.0
-0.6445219162124187,-0.9046014379300321,-0.8577063268562642,-0.8403822501227652,-0.701407487503299,-0.619700444926187,-0.8626742606254294,-0.6561501567929922,4.0
-0.9046014379300321,-0.8577063268562642,-0.8403822501227652,-0.701407487503299,-0.619700444926187,-0.8626742606254294,-0.9415424839058756,-0.6561501567929922,3.0
-0.8577063268562642,-0.8403822501227652,-0.701407487503299,-0.619700444926187,-0.8626742606254294,-0.9415424839058756,-0.8621829265163912,-0.6561501567929922,2.0
-0.8403822501227652,-0.701407487503299,-0.619700444926187,-0.8626742606254294,-0.9415424839058756,-0.8621829265163912,-0.9007799504152897,-0.6561501567929922,1.0
-0.701407487503299,-0.619700444926187,-0.8626742606254294,-0.9415424839058756,-0.8621829265163912,-0.9007799504152897,-1.0148968466293362,-0.6561501567929922,0.0
-0.619700444926187,-0.8626742606254294,-0.9415424839058756,-0.8621829265163912,-0.9007799504152897,-1.0148968466293362,-0.6561501567929922,-0.7684109019284495,0.0
-0.8626742606254294,-0.9415424839058756,-0.8621829265163912,-0.9007799504152897,-1.0148968466293362,-0.6561501567929922,-0.7684109019284495,-0.8080997794029888,6.0
-0.9415424839058756,-0.8621829265163912,-0.9007799504152897,-1.0148968466293362,-0.6561501567929922,-0.7684109019284495,-0.8367427382039629,-0.8080997794029888,5.0
-0.8621829265163912,-0.9007799504152897,-1.0148968466293362,-0.6561501567929922,-0.7684109019284495,-0.8367427382039629,-0.8990693798134526,-0.8080997794029888,4.0
-0.9007799504152897,-1.0148968466293362,-0.6561501567929922,-0.7684109019284495,-0.8367427382039629,-0.8990693798134526,-0.9132270811775937,-0.770758387116077,6.0
-1.0148968466293362,-0.6561501567929922,-0.7684109019284495,-0.8367427382039629,-0.8990693798134526,-0.9132270811775937,-0.8804532763487787,-0.770758387116077,5.0
-0.6561501567929922,-0.7684109019284495,-0.8367427382039629,-0.8990693798134526,-0.9132270811775937,-0.8804532763487787,-0.8119212669177311,-0.770758387116077,4.0
-0.7684109019284495,-0.8367427382039629,-0.8990693798134526,-0.9132270811775937,-0.8804532763487787,-0.8119212669177311,-0.8101561036371121,-0.7499949716193098,6.0
-0.8367427382039629,-0.8990693798134526,-0.9132270811775937,-0.8804532763487787,-0.8119212669177311,-0.8101561036371121,-0.8080997794029888,-0.7499949716193098,5.0
-0.8990693798134526,-0.9132270811775937,-0.8804532763487787,-0.8119212669177311,-0.8101561036371121,-0.8080997794029888,-0.87941601545192,-0.7499949716193098,4.0
-0.9132270811775937,-0.8804532763487787,-0.8119212669177311,-0.8101561036371121,-0.8080997794029888,-0.87941601545192,-0.9158657273187252,-0.7499949716193098,3.0
-0.8804532763487787,-0.8119212669177311,-0.8101561036371121,-0.8080997794029888,-0.87941601545192,-0.9158657273187252,-0.770758387116077,-0.7499949716193098,2.0
-0.8119212669177311,-0.8101561036371121,-0.8080997794029888,-0.87941601545192,-0.9158657273187252,-0.770758387116077,-0.9643622236367662,-0.7499949716193098,1.0
-0.8101561036371121,-0.8080997794029888,-0.87941601545192,-0.9158657273187252,-0.770758387116077,-0.9643622236367662,-0.91375481040582,-0.7499949716193098,0.0
-0.8080997794029888,-0.87941601545192,-0.9158657273187252,-0.770758387116077,-0.9643622236367662,-0.91375481040582,-0.7499949716193098,-0.7716136724169955,4.0
-0.87941601545192,-0.9158657273187252,-0.770758387116077,-0.9643622236367662,-0.91375481040582,-0.7499949716193098,-0.8316838166368278,-0.7716136724169955,3.0
-0.9158657273187252,-0.770758387116077,-0.9643622236367662,-0.91375481040582,-0.7499949716193098,-0.8316838166368278,-0.8315018410408876,-0.7061934456765239,6.0
-0.770758387116077,-0.9643622236367662,-0.91375481040582,-0.7499949716193098,-0.8316838166368278,-0.8315018410408876,-0.8830737249303164,-0.6918719662760369,6.0
-0.9643622236367662,-0.91375481040582,-0.7499949716193098,-0.8316838166368278,-0.8315018410408876,-0.8830737249303164,-0.9191230904860533,-0.6918719662760369,5.0
-0.91375481040582,-0.7499949716193098,-0.8316838166368278,-0.8315018410408876,-0.8830737249303164,-0.9191230904860533,-0.7716136724169955,-0.6918719662760369,4.0
-0.7499949716193098,-0.8316838166368278,-0.8315018410408876,-0.8830737249303164,-0.9191230904860533,-0.7716136724169955,-0.9484393589920059,-0.6918719662760369,3.0
-0.8316838166368278,-0.8315018410408876,-0.8830737249303164,-0.9191230904860533,-0.7716136724169955,-0.9484393589920059,-0.8474065081260538,-0.6918719662760369,2.0
-0.8315018410408876,-0.8830737249303164,-0.9191230904860533,-0.7716136724169955,-0.9484393589920059,-0.8474065081260538,-0.8055339235002331,-0.6918719662760369,1.0
-0.8830737249303164,-0.9191230904860533,-0.7716136724169955,-0.9484393589920059,-0.8474065081260538,-0.8055339235002331,-0.7061934456765239,-0.6918719662760369,0.0
-0.9191230904860533,-0.7716136724169955,-0.9484393589920059,-0.8474065081260538,-0.8055339235002331,-0.7061934456765239,-0.6918719662760369,-0.7096327844397922,2.0
-0.7716136724169955,-0.9484393589920059,-0.8474065081260538,-0.8055339235002331,-0.7061934456765239,-0.6918719662760369,-0.7224620639535703,-0.5962255930499121,6.0
-0.9484393589920059,-0.8474065081260538,-0.8055339235002331,-0.7061934456765239,-0.6918719662760369,-0.7224620639535703,-0.780221118104963,-0.5962255930499121,5.0
-0.8474065081260538,-0.8055339235002331,-0.7061934456765239,-0.6918719662760369,-0.7224620639535703,-0.780221118104963,-0.7096327844397922,-0.5962255930499121,4.0
-0.8055339235002331,-0.7061934456765239,-0.6918719662760369,-0.7224620639535703,-0.780221118104963,-0.7096327844397922,-0.7838606300237654,-0.5962255930499121,3.0
-0.7061934456765239,-0.6918719662760369,-0.7224620639535703,-0.780221118104963,-0.7096327844397922,-0.7838606300237654,-0.8658042408755995,-0.5962255930499121,2.0
-0.6918719662760369,-0.7224620639535703,-0.780221118104963,-0.7096327844397922,-0.7838606300237654,-0.8658042408755995,-0.8762860352017501,-0.5962255930499121,1.0
-0.7224620639535703,-0.780221118104963,-0.7096327844397922,-0.7838606300237654,-0.8658042408755995,-0.8762860352017501,-0.884001800469611,-0.5962255930499121,0.0
-0.780221118104963,-0.7096327844397922,-0.7838606300237654,-0.8658042408755995,-0.8762860352017501,-0.884001800469611,-0.5962255930499121,-0.6612636710389095,6.0
-0.7096327844397922,-0.7838606300237654,-0.8658042408755995,-0.8762860352017501,-0.884001800469611,-0.5962255930499121,-0.7073944846097286,-0.6612636710389095,5.0
-0.7838606300237654,-0.8658042408755995,-0.8762860352017501,-0.884001800469611,-0.5962255930499121,-0.7073944846097286,-0.8277167486453332,-0.6612636710389095,4.0
-0.8658042408755995,-0.8762860352017501,-0.884001800469611,-0.5962255930499121,-0.7073944846097286,-0.8277167486453332,-0.8828371566555943,-0.6612636710389095,3.0
-0.8762860352017501,-0.884001800469611,-0.5962255930499121,-0.7073944846097286,-0.8277167486453332,-0.8828371566555943,-0.7496856131062116,-0.6378616094010104,6.0
-0.884001800469611,-0.5962255930499121,-0.7073944846097286,-0.8277167486453332,-0.8828371566555943,-0.7496856131062116,-0.8737929695373705,-0.6378616094010104,5.0
-0.5962255930499121,-0.7073944846097286,-0.8277167486453332,-0.8828371566555943,-0.7496856131062116,-0.8737929695373705,-0.7481752156599086,-0.6378616094010104,4.0
-0.7073944846097286,-0.8277167486453332,-0.8828371566555943,-0.7496856131062116,-0.8737929695373705,-0.7481752156599086,-0.6612636710389095,-0.6378616094010104,3.0
-0.8277167486453332,-0.8828371566555943,-0.7496856131062116,-0.8737929695373705,-0.7481752156599086,-0.6612636710389095,-0.7485209692921949,-0.6378616094010104,2.0
-0.8828371566555943,-0.7496856131062116,-0.8737929695373705,-0.7481752156599086,-0.6612636710389095,-0.7485209692921949,-0.7420972307555088,-0.6378616094010104,1.0
-0.7496856131062116,-0.8737929695373705,-0.7481752156599086,-0.6612636710389095,-0.7485209692921949,-0.7420972307555088,-0.940505223009017,-0.6378616094010104,0.0
-0.8737929695373705,-0.7481752156599086,-0.6612636710389095,-0.7485209692921949,-0.7420972307555088,-0.940505223009017,-0.6378616094010104,-0.7160747205360722,3.0
-0.7481752156599086,-0.6612636710389095,-0.7485209692921949,-0.7420972307555088,-0.940505223009017,-0.6378616094010104,-0.8024403383692511,-0.7160747205360722,2.0
-0.6612636710389095,-0.7485209692921949,-0.7420972307555088,-0.940505223009017,-0.6378616094010104,-0.8024403383692511,-0.8575061537007301,-0.7160747205360722,1.0
-0.7485209692921949,-0.7420972307555088,-0.940505223009017,-0.6378616094010104,-0.8024403383692511,-0.8575061537007301,-0.7750348136206697,-0.7160747205360722,0.0
-0.7420972307555088,-0.940505223009017,-0.6378616094010104,-0.8024403383692511,-0.8575061537007301,-0.7750348136206697,-0.7160747205360722,-0.7674828263891549,5.0
-0.940505223009017,-0.6378616094010104,-0.8024403383692511,-0.8575061537007301,-0.7750348136206697,-0.7160747205360722,-0.8114299328086929,-0.7674828263891549,4.0
-0.6378616094010104,-0.8024403383692511,-0.8575061537007301,-0.7750348136206697,-0.7160747205360722,-0.8114299328086929,-0.9609774775522799,-0.7674828263891549,3.0
-0.8024403383692511,-0.8575061537007301,-0.7750348136206697,-0.7160747205360722,-0.8114299328086929,-0.9609774775522799,-0.9562825071770249,-0.7674828263891549,2.0
-0.8575061537007301,-0.7750348136206697,-0.7160747205360722,-0.8114299328086929,-0.9609774775522799,-0.9562825071770249,-0.8623467045527372,-0.7674828263891549,1.0
-0.7750348136206697,-0.7160747205360722,-0.8114299328086929,-0.9609774775522799,-0.9562825071770249,-0.8623467045527372,-0.8870407929218109,-0.7674828263891549,0.0
-0.7160747205360722,-0.8114299328086929,-0.9609774775522799,-0.9562825071770249,-0.8623467045527372,-0.8870407929218109,-0.7674828263891549,-0.7984914679373507,0.0
-0.8114299328086929,-0.9609774775522799,-0.9562825071770249,-0.8623467045527372,-0.8870407929218109,-0.7674828263891549,-0.7984914679373507,-0.8032592285509816,2.0
-0.9609774775522799,-0.9562825071770249,-0.8623467045527372,-0.8870407929218109,-0.7674828263891549,-0.7984914679373507,-0.8658588335543815,-0.6866492666725555,6.0
-0.9562825071770249,-0.8623467045527372,-0.8870407929218109,-0.7674828263891549,-0.7984914679373507,-0.8658588335543815,-0.92949569945464,-0.6866492666725555,5.0
-0.8623467045527372,-0.8870407929218109,-0.7674828263891549,-0.7984914679373507,-0.8658588335543815,-0.92949569945464,-0.8032592285509816,-0.6866492666725555,4.0
-0.8870407929218109,-0.7674828263891549,-0.7984914679373507,-0.8658588335543815,-0.92949569945464,-0.8032592285509816,-0.8414013134600299,-0.6866492666725555,3.0
-0.7674828263891549,-0.7984914679373507,-0.8658588335543815,-0.92949569945464,-0.8032592285509816,-0.8414013134600299,-0.9163570614277635,-0.6866492666725555,2.0
-0.7984914679373507,-0.8658588335543815,-0.92949569945464,-0.8032592285509816,-0.8414013134600299,-0.9163570614277635,-0.8583796365612427,-0.6866492666725555,1.0
-0.8658588335543815,-0.92949569945464,-0.8032592285509816,-0.8414013134600299,-0.9163570614277635,-0.8583796365612427,-0.8609454924639983,-0.6866492666725555,0.0
-0.92949569945464,-0.8032592285509816,-0.8414013134600299,-0.9163570614277635,-0.8583796365612427,-0.8609454924639983,-0.6866492666725555,-0.8407825964338335,2.0
-0.8032592285509816,-0.8414013134600299,-0.9163570614277635,-0.8583796365612427,-0.8609454924639983,-0.6866492666725555,-0.9015260503586441,-0.8279715144796495,6.0
-0.8414013134600299,-0.9163570614277635,-0.8583796365612427,-0.8609454924639983,-0.6866492666725555,-0.9015260503586441,-0.8434030450153712,-0.8098649426836079,6.0
-0.9163570614277635,-0.8583796365612427,-0.8609454924639983,-0.6866492666725555,-0.9015260503586441,-0.8434030450153712,-0.8407825964338335,-0.8098649426836079,5.0
-0.8583796365612427,-0.8609454924639983,-0.6866492666725555,-0.9015260503586441,-0.8434030450153712,-0.8407825964338335,-0.8742297109676268,-0.8098649426836079,4.0
-0.8609454924639983,-0.6866492666725555,-0.9015260503586441,-0.8434030450153712,-0.8407825964338335,-0.8742297109676268,-0.874611859719101,-0.8098649426836079,3.0
-0.6866492666725555,-0.9015260503586441,-0.8434030450153712,-0.8407825964338335,-0.8742297109676268,-0.874611859719101,-0.8424749694760766,-0.6579335176332052,6.0
-0.9015260503586441,-0.8434030450153712,-0.8407825964338335,-0.8742297109676268,-0.874611859719101,-0.8424749694760766,-0.9112435471818463,-0.6579335176332052,5.0
-0.8434030450153712,-0.8407825964338335,-0.8742297109676268,-0.874611859719101,-0.8424749694760766,-0.9112435471818463,-0.8279715144796495,-0.6579335176332052,4.0
-0.8407825964338335,-0.8742297109676268,-0.874611859719101,-0.8424749694760766,-0.9112435471818463,-0.8279715144796495,-0.8098649426836079,-0.6579335176332052,3.0
-0.8742297109676268,-0.874611859719101,-0.8424749694760766,-0.9112435471818463,-0.8279715144796495,-0.8098649426836079,-0.8167072250909563,-0.6579335176332052,2.0
-0.874611859719101,-0.8424749694760766,-0.9112435471818463,-0.8279715144796495,-0.8098649426836079,-0.8167072250909563,-0.9233995169906462,-0.6579335176332052,1.0
-0.8424749694760766,-0.9112435471818463,-0.8279715144796495,-0.8098649426836079,-0.8167072250909563,-0.9233995169906462,-0.9098969277718896,-0.6579335176332052,0.0
-0.9112435471818463,-0.8279715144796495,-0.8098649426836079,-0.8167072250909563,-0.9233995169906462,-0.9098969277718896,-0.6579335176332052,-0.7465192377368537,0.0
-0.8279715144796495,-0.8098649426836079,-0.8167072250909563,-0.9233995169906462,-0.9098969277718896,-0.6579335176332052,-0.7465192377368537,-0.7655538850721898,2.0
-0.8098649426836079,-0.8167072250909563,-0.9233995169906462,-0.9098969277718896,-0.6579335176332052,-0.7465192377368537,-0.8051881698679468,-0.7655538850721898,1.0
-0.8167072250909563,-0.9233995169906462,-0.9098969277718896,-0.6579335176332052,-0.7465192377368537,-0.8051881698679468,-0.8224212588034759,-0.5751528190400467,6.0
-0.9233995169906462,-0.9098969277718896,-0.6579335176332052,-0.7465192377368537,-0.8051881698679468,-0.8224212588034759,-0.7655538850721898,-0.5751528190400467,5.0
-0.9098969277718896,-0.6579335176332052,-0.7465192377368537,-0.8051881698679468,-0.8224212588034759,-0.7655538850721898,-0.8654402896837192,-0.5751528190400467,4.0
-0.6579335176332052,-0.7465192377368537,-0.8051881698679468,-0.8224212588034759,-0.7655538850721898,-0.8654402896837192,-0.7656266753105657,-0.5751528190400467,3.0
-0.7465192377368537,-0.8051881698679468,-0.8224212588034759,-0.7655538850721898,-0.8654402896837192,-0.7656266753105657,-0.7730148845057344,-0.5751528190400467,2.0
-0.8051881698679468,-0.8224212588034759,-0.7655538850721898,-0.8654402896837192,-0.7656266753105657,-0.7730148845057344,-0.8131041082913419,-0.5751528190400467,1.0
-0.8224212588034759,-0.7655538850721898,-0.8654402896837192,-0.7656266753105657,-0.7730148845057344,-0.8131041082913419,-0.8020399920581829,-0.5751528190400467,0.0
-0.7655538850721898,-0.8654402896837192,-0.7656266753105657,-0.7730148845057344,-0.8131041082913419,-0.8020399920581829,-0.5751528190400467,-0.6885600104299268,0.0
-0.8654402896837192,-0.7656266753105657,-0.7730148845057344,-0.8131041082913419,-0.8020399920581829,-0.5751528190400467,-0.6885600104299268,-0.7043190970383408,5.0
-0.7656266753105657,-0.7730148845057344,-0.8131041082913419,-0.8020399920581829,-0.5751528190400467,-0.6885600104299268,-0.8607635168680582,-0.7043190970383408,4.0
-0.7730148845057344,-0.8131041082913419,-0.8020399920581829,-0.5751528190400467,-0.6885600104299268,-0.8607635168680582,-0.8595442803752594,-0.7043190970383408,3.0
-0.8131041082913419,-0.8020399920581829,-0.5751528190400467,-0.6885600104299268,-0.8607635168680582,-0.8595442803752594,-0.8279897120392434,-0.7043190970383408,2.0
-0.8020399920581829,-0.5751528190400467,-0.6885600104299268,-0.8607635168680582,-0.8595442803752594,-0.8279897120392434,-0.8266612901888806,-0.7043190970383408,1.0
-0.5751528190400467,-0.6885600104299268,-0.8607635168680582,-0.8595442803752594,-0.8279897120392434,-0.8266612901888806,-0.7763632354710326,-0.7043190970383408,0.0
-0.6885600104299268,-0.8607635168680582,-0.8595442803752594,-0.8279897120392434,-0.8266612901888806,-0.7763632354710326,-0.7043190970383408,-0.7385123115154885,6.0
-0.8607635168680582,-0.8595442803752594,-0.8279897120392434,-0.8266612901888806,-0.7763632354710326,-0.7043190970383408,-0.7572557978973204,-0.7385123115154885,5.0
-0.8595442803752594,-0.8279897120392434,-0.8266612901888806,-0.7763632354710326,-0.7043190970383408,-0.7572557978973204,-0.7748892331439176,-0.7385123115154885,4.0
-0.8279897120392434,-0.8266612901888806,-0.7763632354710326,-0.7043190970383408,-0.7572557978973204,-0.7748892331439176,-0.8845477272574314,-0.7222254956788481,6.0
-0.8266612901888806,-0.7763632354710326,-0.7043190970383408,-0.7572557978973204,-0.7748892331439176,-0.8845477272574314,-0.7816951204320779,-0.7222254956788481,5.0
-0.7763632354710326,-0.7043190970383408,-0.7572557978973204,-0.7748892331439176,-0.8845477272574314,-0.7816951204320779,-0.8487713250956046,-0.7222254956788481,4.0
-0.7043190970383408,-0.7572557978973204,-0.7748892331439176,-0.8845477272574314,-0.7816951204320779,-0.8487713250956046,-0.7873727590254096,-0.7222254956788481,3.0
-0.7572557978973204,-0.7748892331439176,-0.8845477272574314,-0.7816951204320779,-0.8487713250956046,-0.7873727590254096,-0.7385123115154885,-0.7222254956788481,2.0
-0.7748892331439176,-0.8845477272574314,-0.7816951204320779,-0.8487713250956046,-0.7873727590254096,-0.7385123115154885,-0.7873363639062215,-0.7222254956788481,1.0
-0.8845477272574314,-0.7816951204320779,-0.8487713250956046,-0.7873727590254096,-0.7385123115154885,-0.7873363639062215,-0.847916039794686,-0.7222254956788481,0.0
-0.7816951204320779,-0.8487713250956046,-0.7873727590254096,-0.7385123115154885,-0.7873363639062215,-0.847916039794686,-0.7222254956788481,-0.7558181906893935,6.0
-0.8487713250956046,-0.7873727590254096,-0.7385123115154885,-0.7873363639062215,-0.847916039794686,-0.7222254956788481,-0.786572066403273,-0.7558181906893935,5.0
-0.7873727590254096,-0.7385123115154885,-0.7873363639062215,-0.847916039794686,-0.7222254956788481,-0.786572066403273,-0.7735426137339607,-0.6741293456718755,6.0
-0.7385123115154885,-0.7873363639062215,-0.847916039794686,-0.7222254956788481,-0.786572066403273,-0.7735426137339607,-0.7696665335404362,-0.6741293456718755,5.0
-0.7873363639062215,-0.847916039794686,-0.7222254956788481,-0.786572066403273,-0.7735426137339607,-0.7696665335404362,-0.7562185370004617,-0.6035592095662987,6.0
-0.847916039794686,-0.7222254956788481,-0.786572066403273,-0.7735426137339607,-0.7696665335404362,-0.7562185370004617,-0.8151786300850592,-0.6035592095662987,5.0
-0.7222254956788481,-0.786572066403273,-0.7735426137339607,-0.7696665335404362,-0.7562185370004617,-0.8151786300850592,-0.7772003232123571,-0.6035592095662987,4.0
-0.786572066403273,-0.7735426137339607,-0.7696665335404362,-0.7562185370004617,-0.8151786300850592,-0.7772003232123571,-0.7558181906893935,-0.6035592095662987,3.0
-0.7735426137339607,-0.7696665335404362,-0.7562185370004617,-0.8151786300850592,-0.7772003232123571,-0.7558181906893935,-0.8311378898490074,-0.6035592095662987,2.0
-0.7696665335404362,-0.7562185370004617,-0.8151786300850592,-0.7772003232123571,-0.7558181906893935,-0.8311378898490074,-0.6741293456718755,-0.40813561708620855,6.0
-0.7562185370004617,-0.8151786300850592,-0.7772003232123571,-0.7558181906893935,-0.8311378898490074,-0.6741293456718755,-0.7873363639062215,-0.40813561708620855,5.0
-0.8151786300850592,-0.7772003232123571,-0.7558181906893935,-0.8311378898490074,-0.6741293456718755,-0.7873363639062215,-0.6035592095662987,-0.40813561708620855,4.0
-0.7772003232123571,-0.7558181906893935,-0.8311378898490074,-0.6741293456718755,-0.7873363639062215,-0.6035592095662987,-0.7230443858605787,-0.40813561708620855,3.0
-0.7558181906893935,-0.8311378898490074,-0.6741293456718755,-0.7873363639062215,-0.6035592095662987,-0.7230443858605787,-0.6973312341542404,-0.40813561708620855,2.0
-0.8311378898490074,-0.6741293456718755,-0.7873363639062215,-0.6035592095662987,-0.7230443858605787,-0.6973312341542404,-0.6235947226793055,-0.40813561708620855,1.0
-0.6741293456718755,-0.7873363639062215,-0.6035592095662987,-0.7230443858605787,-0.6973312341542404,-0.6235947226793055,-0.7195868495377165,-0.40813561708620855,0.0
-0.7873363639062215,-0.6035592095662987,-0.7230443858605787,-0.6973312341542404,-0.6235947226793055,-0.7195868495377165,-0.40813561708620855,-0.02056399285295012,6.0
-0.6035592095662987,-0.7230443858605787,-0.6973312341542404,-0.6235947226793055,-0.7195868495377165,-0.40813561708620855,-0.6293451515110131,0.42851538280806745,6.0
-0.7230443858605787,-0.6973312341542404,-0.6235947226793055,-0.7195868495377165,-0.40813561708620855,-0.6293451515110131,-0.6646120220042075,0.754688440971131,6.0
-0.6973312341542404,-0.6235947226793055,-0.7195868495377165,-0.40813561708620855,-0.6293451515110131,-0.6646120220042075,-0.6202827668331953,0.754688440971131,5.0
-0.6235947226793055,-0.7195868495377165,-0.40813561708620855,-0.6293451515110131,-0.6646120220042075,-0.6202827668331953,-0.770867572473641,0.754688440971131,4.0
-0.7195868495377165,-0.40813561708620855,-0.6293451515110131,-0.6646120220042075,-0.6202827668331953,-0.770867572473641,-0.8088822744655312,0.754688440971131,3.0
-0.40813561708620855,-0.6293451515110131,-0.6646120220042075,-0.6202827668331953,-0.770867572473641,-0.8088822744655312,-0.8028224871207255,0.754688440971131,2.0
-0.6293451515110131,-0.6646120220042075,-0.6202827668331953,-0.770867572473641,-0.8088822744655312,-0.8028224871207255,-0.02056399285295012,0.754688440971131,1.0
-0.6646120220042075,-0.6202827668331953,-0.770867572473641,-0.8088822744655312,-0.8028224871207255,-0.02056399285295012,0.42851538280806745,0.754688440971131,0.0
-0.6202827668331953,-0.770867572473641,-0.8088822744655312,-0.8028224871207255,-0.02056399285295012,0.42851538280806745,0.754688440971131,0.0474584849094652,5.0
-0.770867572473641,-0.8088822744655312,-0.8028224871207255,-0.02056399285295012,0.42851538280806745,0.754688440971131,-0.20998239066701643,0.0474584849094652,4.0
-0.8088822744655312,-0.8028224871207255,-0.02056399285295012,0.42851538280806745,0.754688440971131,-0.20998239066701643,-0.550513323349755,0.0474584849094652,3.0
-0.8028224871207255,-0.02056399285295012,0.42851538280806745,0.754688440971131,-0.20998239066701643,-0.550513323349755,-0.5201597939469438,0.0474584849094652,2.0
-0.02056399285295012,0.42851538280806745,0.754688440971131,-0.20998239066701643,-0.550513323349755,-0.5201597939469438,-0.605506348442858,0.0474584849094652,1.0
0.42851538280806745,0.754688440971131,-0.20998239066701643,-0.550513323349755,-0.5201597939469438,-0.605506348442858,-0.7200235909679727,0.0474584849094652,0.0
0.754688440971131,-0.20998239066701643,-0.550513323349755,-0.5201597939469438,-0.605506348442858,-0.7200235909679727,0.0474584849094652,-0.4521737113037165,2.0
-0.20998239066701643,-0.550513323349755,-0.5201597939469438,-0.605506348442858,-0.7200235909679727,0.0474584849094652,-0.5432706946313385,-0.4521737113037165,1.0
-0.550513323349755,-0.5201597939469438,-0.605506348442858,-0.7200235909679727,0.0474584849094652,-0.5432706946313385,-0.8140685789498244,-0.4521737113037165,0.0
-0.5201597939469438,-0.605506348442858,-0.7200235909679727,0.0474584849094652,-0.5432706946313385,-0.8140685789498244,-0.4521737113037165,-0.5636155662574434,4.0
-0.605506348442858,-0.7200235909679727,0.0474584849094652,-0.5432706946313385,-0.8140685789498244,-0.4521737113037165,-0.7399863138426034,0.07875828741116499,6.0
-0.7200235909679727,0.0474584849094652,-0.5432706946313385,-0.8140685789498244,-0.4521737113037165,-0.7399863138426034,-0.7396223626507231,0.07875828741116499,5.0
0.0474584849094652,-0.5432706946313385,-0.8140685789498244,-0.4521737113037165,-0.7399863138426034,-0.7396223626507231,-0.8027678944419433,0.07875828741116499,4.0
-0.5432706946313385,-0.8140685789498244,-0.4521737113037165,-0.7399863138426034,-0.7396223626507231,-0.8027678944419433,-0.6848113131535604,0.07875828741116499,3.0
-0.8140685789498244,-0.4521737113037165,-0.7399863138426034,-0.7396223626507231,-0.8027678944419433,-0.6848113131535604,-0.5636155662574434,0.4837813712950804,6.0
-0.4521737113037165,-0.7399863138426034,-0.7396223626507231,-0.8027678944419433,-0.6848113131535604,-0.5636155662574434,-0.6802983183742455,0.4837813712950804,5.0
-0.7399863138426034,-0.7396223626507231,-0.8027678944419433,-0.6848113131535604,-0.5636155662574434,-0.6802983183742455,-0.648143230571627,0.4837813712950804,4.0
-0.7396223626507231,-0.8027678944419433,-0.6848113131535604,-0.5636155662574434,-0.6802983183742455,-0.648143230571627,0.07875828741116499,0.4837813712950804,3.0
-0.8027678944419433,-0.6848113131535604,-0.5636155662574434,-0.6802983183742455,-0.648143230571627,0.07875828741116499,-0.7677557897830651,0.4837813712950804,2.0
-0.6848113131535604,-0.5636155662574434,-0.6802983183742455,-0.648143230571627,0.07875828741116499,-0.7677557897830651,-0.32138785050155527,0.4837813712950804,1.0
-0.5636155662574434,-0.6802983183742455,-0.648143230571627,0.07875828741116499,-0.7677557897830651,-0.32138785050155527,-0.7154923986290639,0.4837813712950804,0.0
-0.6802983183742455,-0.648143230571627,0.07875828741116499,-0.7677557897830651,-0.32138785050155527,-0.7154923986290639,0.4837813712950804,0.6602613042378047,6.0
-0.648143230571627,0.07875828741116499,-0.7677557897830651,-0.32138785050155527,-0.7154923986290639,0.4837813712950804,-0.42687910346804037,0.6602613042378047,5.0
0.07875828741116499,-0.7677557897830651,-0.32138785050155527,-0.7154923986290639,0.4837813712950804,-0.42687910346804037,-0.26190002818873154,0.6602613042378047,4.0
-0.7677557897830651,-0.32138785050155527,-0.7154923986290639,0.4837813712950804,-0.42687910346804037,-0.26190002818873154,0.42443912945900886,0.9376649026889173,6.0
-0.32138785050155527,-0.7154923986290639,0.4837813712950804,-0.42687910346804037,-0.26190002818873154,0.42443912945900886,-0.35579943569383127,2.011102548020472,6.0
-0.7154923986290639,0.4837813712950804,-0.42687910346804037,-0.26190002818873154,0.42443912945900886,-0.35579943569383127,-0.3905931696375813,2.011102548020472,5.0
0.4837813712950804,-0.42687910346804037,-0.26190002818873154,0.42443912945900886,-0.35579943569383127,-0.3905931696375813,-0.06334645545847138,2.011102548020472,4.0
-0.42687910346804037,-0.26190002818873154,0.42443912945900886,-0.35579943569383127,-0.3905931696375813,-0.06334645545847138,0.6602613042378047,2.011102548020472,3.0
-0.26190002818873154,0.42443912945900886,-0.35579943569383127,-0.3905931696375813,-0.06334645545847138,0.6602613042378047,-0.39590685703903267,2.011102548020472,2.0
0.42443912945900886,-0.35579943569383127,-0.3905931696375813,-0.06334645545847138,0.6602613042378047,-0.39590685703903267,-0.16883770842495627,2.011102548020472,1.0
-0.35579943569383127,-0.3905931696375813,-0.06334645545847138,0.6602613042378047,-0.39590685703903267,-0.16883770842495627,0.9376649026889173,2.011102548020472,0.0
-0.3905931696375813,-0.06334645545847138,0.6602613042378047,-0.39590685703903267,-0.16883770842495627,0.9376649026889173,2.011102548020472,1.9732152289457396,4.0
-0.06334645545847138,0.6602613042378047,-0.39590685703903267,-0.16883770842495627,0.9376649026889173,2.011102548020472,0.5419407717575414,1.9732152289457396,3.0
0.6602613042378047,-0.39590685703903267,-0.16883770842495627,0.9376649026889173,2.011102548020472,0.5419407717575414,0.8702611419526982,1.9732152289457396,2.0
-0.39590685703903267,-0.16883770842495627,0.9376649026889173,2.011102548020472,0.5419407717575414,0.8702611419526982,1.5740517592510956,1.9732152289457396,1.0
-0.16883770842495627,0.9376649026889173,2.011102548020472,0.5419407717575414,0.8702611419526982,1.5740517592510956,1.163805975763699,1.9732152289457396,0.0
0.9376649026889173,2.011102548020472,0.5419407717575414,0.8702611419526982,1.5740517592510956,1.163805975763699,1.9732152289457396,1.154379639894001,0.0
2.011102548020472,0.5419407717575414,0.8702611419526982,1.5740517592510956,1.163805975763699,1.9732152289457396,1.154379639894001,1.063300854125973,5.0
0.5419407717575414,0.8702611419526982,1.5740517592510956,1.163805975763699,1.9732152289457396,1.154379639894001,0.5965698456587641,1.063300854125973,4.0
0.8702611419526982,1.5740517592510956,1.163805975763699,1.9732152289457396,1.154379639894001,0.5965698456587641,0.5724580791966988,1.063300854125973,3.0
1.5740517592510956,1.163805975763699,1.9732152289457396,1.154379639894001,0.5965698456587641,0.5724580791966988,0.5739138839642198,1.063300854125973,2.0
1.163805975763699,1.9732152289457396,1.154379639894001,0.5965698456587641,0.5724580791966988,0.5739138839642198,0.44132646476225146,1.063300854125973,1.0
1.9732152289457396,1.154379639894001,0.5965698456587641,0.5724580791966988,0.5739138839642198,0.44132646476225146,0.8670401739045581,1.063300854125973,0.0
1.154379639894001,0.5965698456587641,0.5724580791966988,0.5739138839642198,0.44132646476225146,0.8670401739045581,1.063300854125973,0.7729587908035181,0.0
0.5965698456587641,0.5724580791966988,0.5739138839642198,0.44132646476225146,0.8670401739045581,1.063300854125973,0.7729587908035181,1.0890322033919053,6.0
0.5724580791966988,0.5739138839642198,0.44132646476225146,0.8670401739045581,1.063300854125973,0.7729587908035181,0.5579182290810836,1.0890322033919053,5.0
0.5739138839642198,0.44132646476225146,0.8670401739045581,1.063300854125973,0.7729587908035181,0.5579182290810836,0.4630361533579073,1.0890322033919053,4.0
0.44132646476225146,0.8670401739045581,1.063300854125973,0.7729587908035181,0.5579182290810836,0.4630361533579073,0.40336635544914345,1.0890322033919053,3.0
0.8670401739045581,1.063300854125973,0.7729587908035181,0.5579182290810836,0.4630361533579073,0.40336635544914345,0.3578178637853324,1.1011699756411109,6.0
1.063300854125973,0.7729587908035181,0.5579182290810836,0.4630361533579073,0.40336635544914345,0.3578178637853324,0.4643099825294882,1.1011699756411109,5.0
0.7729587908035181,0.5579182290810836,0.4630361533579073,0.40336635544914345,0.3578178637853324,0.4643099825294882,0.5169555224349636,1.1011699756411109,4.0
0.5579182290810836,0.4630361533579073,0.40336635544914345,0.3578178637853324,0.4643099825294882,0.5169555224349636,1.0890322033919053,1.1011699756411109,3.0
0.4630361533579073,0.40336635544914345,0.3578178637853324,0.4643099825294882,0.5169555224349636,1.0890322033919053,0.4779217571058088,1.1011699756411109,2.0
0.40336635544914345,0.3578178637853324,0.4643099825294882,0.5169555224349636,1.0890322033919053,0.4779217571058088,0.5578272412831136,1.1011699756411109,1.0
0.3578178637853324,0.4643099825294882,0.5169555224349636,1.0890322033919053,0.4779217571058088,0.5578272412831136,0.6851737633220066,1.1011699756411109,0.0
0.4643099825294882,0.5169555224349636,1.0890322033919053,0.4779217571058088,0.5578272412831136,0.6851737633220066,1.1011699756411109,1.0713623730261201,3.0
0.5169555224349636,1.0890322033919053,0.4779217571058088,0.5578272412831136,0.6851737633220066,1.1011699756411109,0.6292708602492031,1.5801661392746835,6.0
1.0890322033919053,0.4779217571058088,0.5578272412831136,0.6851737633220066,1.1011699756411109,0.6292708602492031,0.8808157265172248,1.5801661392746835,5.0
0.4779217571058088,0.5578272412831136,0.6851737633220066,1.1011699756411109,0.6292708602492031,0.8808157265172248,0.30868445288150126,1.6156695780426003,6.0
0.5578272412831136,0.6851737633220066,1.1011699756411109,0.6292708602492031,0.8808157265172248,0.30868445288150126,1.0713623730261201,1.6521920801477814,6.0
0.6851737633220066,1.1011699756411109,0.6292708602492031,0.8808157265172248,0.30868445288150126,1.0713623730261201,0.5949320652953033,1.6521920801477814,5.0
1.1011699756411109,0.6292708602492031,0.8808157265172248,0.30868445288150126,1.0713623730261201,0.5949320652953033,0.18828939860752072,1.6521920801477814,4.0
0.6292708602492031,0.8808157265172248,0.30868445288150126,1.0713623730261201,0.5949320652953033,0.18828939860752072,0.6339294355052699,1.6521920801477814,3.0
0.8808157265172248,0.30868445288150126,1.0713623730261201,0.5949320652953033,0.18828939860752072,0.6339294355052699,1.5801661392746835,1.6521920801477814,2.0
0.30868445288150126,1.0713623730261201,0.5949320652953033,0.18828939860752072,0.6339294355052699,1.5801661392746835,1.4481610419797235,1.6924450819697348,6.0
1.0713623730261201,0.5949320652953033,0.18828939860752072,0.6339294355052699,1.5801661392746835,1.4481610419797235,1.6156695780426003,1.78210445808943,6.0
0.5949320652953033,0.18828939860752072,0.6339294355052699,1.5801661392746835,1.4481610419797235,1.6156695780426003,1.6521920801477814,1.78210445808943,5.0
0.18828939860752072,0.6339294355052699,1.5801661392746835,1.4481610419797235,1.6156695780426003,1.6521920801477814,1.6013480986421131,1.7869086138222492,6.0
0.6339294355052699,1.5801661392746835,1.4481610419797235,1.6156695780426003,1.6521920801477814,1.6013480986421131,1.6377796129493243,1.92717540317289,6.0
1.5801661392746835,1.4481610419797235,1.6156695780426003,1.6521920801477814,1.6013480986421131,1.6377796129493243,1.1485746183835113,2.955537693390078,6.0
1.4481610419797235,1.6156695780426003,1.6521920801477814,1.6013480986421131,1.6377796129493243,1.1485746183835113,0.7009328499304206,2.955537693390078,5.0
1.6156695780426003,1.6521920801477814,1.6013480986421131,1.6377796129493243,1.1485746183835113,0.7009328499304206,1.6924450819697348,2.955537693390078,4.0
1.6521920801477814,1.6013480986421131,1.6377796129493243,1.1485746183835113,0.7009328499304206,1.6924450819697348,1.78210445808943,2.955537693390078,3.0
1.6013480986421131,1.6377796129493243,1.1485746183835113,0.7009328499304206,1.6924450819697348,1.78210445808943,1.7582110623424927,2.955537693390078,2.0
1.6377796129493243,1.1485746183835113,0.7009328499304206,1.6924450819697348,1.78210445808943,1.7582110623424927,1.7869086138222492,2.955537693390078,1.0
1.1485746183835113,0.7009328499304206,1.6924450819697348,1.78210445808943,1.7582110623424927,1.7869086138222492,1.92717540317289,2.955537693390078,0.0
0.7009328499304206,1.6924450819697348,1.78210445808943,1.7582110623424927,1.7869086138222492,1.92717540317289,2.955537693390078,2.8405655118751123,1.0
1.6924450819697348,1.78210445808943,1.7582110623424927,1.7869086138222492,1.92717540317289,2.955537693390078,2.2221760417514114,2.8405655118751123,0.0
1.78210445808943,1.7582110623424927,1.7869086138222492,1.92717540317289,2.955537693390078,2.2221760417514114,2.8405655118751123,2.3963448846256967,1.0
1.7582110623424927,1.7869086138222492,1.92717540317289,2.955537693390078,2.2221760417514114,2.8405655118751123,1.679997951207431,2.3963448846256967,0.0
1.7869086138222492,1.92717540317289,2.955537693390078,2.2221760417514114,2.8405655118751123,1.679997951207431,2.3963448846256967,2.1620876999719854,0.0
1.92717540317289,2.955537693390078,2.2221760417514114,2.8405655118751123,1.679997951207431,2.3963448846256967,2.1620876999719854,2.0781787526839985,5.0
2.955537693390078,2.2221760417514114,2.8405655118751123,1.679997951207431,2.3963448846256967,2.1620876999719854,1.9982004782683176,2.0781787526839985,4.0
2.2221760417514114,2.8405655118751123,1.679997951207431,2.3963448846256967,2.1620876999719854,1.9982004782683176,1.6187085704948,2.0781787526839985,3.0
2.8405655118751123,1.679997951207431,2.3963448846256967,2.1620876999719854,1.9982004782683176,1.6187085704948,1.886194498967176,2.0781787526839985,2.0
1.679997951207431,2.3963448846256967,2.1620876999719854,1.9982004782683176,1.6187085704948,1.886194498967176,1.1478831111189387,2.0781787526839985,1.0
2.3963448846256967,2.1620876999719854,1.9982004782683176,1.6187085704948,1.886194498967176,1.1478831111189387,0.8845826213531853,2.0781787526839985,0.0
2.1620876999719854,1.9982004782683176,1.6187085704948,1.886194498967176,1.1478831111189387,0.8845826213531853,2.0781787526839985,1.7264745184105363,3.0
1.9982004782683176,1.6187085704948,1.886194498967176,1.1478831111189387,0.8845826213531853,2.0781787526839985,1.608881888314034,1.7264745184105363,2.0
1.6187085704948,1.886194498967176,1.1478831111189387,0.8845826213531853,2.0781787526839985,1.608881888314034,1.6866400604592455,1.7264745184105363,1.0
1.886194498967176,1.1478831111189387,0.8845826213531853,2.0781787526839985,1.608881888314034,1.6866400604592455,1.5767631956306032,1.739631353997007,6.0
1.1478831111189387,0.8845826213531853,2.0781787526839985,1.608881888314034,1.6866400604592455,1.5767631956306032,1.7264745184105363,1.739631353997007,5.0
0.8845826213531853,2.0781787526839985,1.608881888314034,1.6866400604592455,1.5767631956306032,1.7264745184105363,1.690843696725462,1.739631353997007,4.0
2.0781787526839985,1.608881888314034,1.6866400604592455,1.5767631956306032,1.7264745184105363,1.690843696725462,1.6753939686301462,1.739631353997007,3.0
1.608881888314034,1.6866400604592455,1.5767631956306032,1.7264745184105363,1.690843696725462,1.6753939686301462,1.4922719264356077,1.739631353997007,2.0
1.6866400604592455,1.5767631956306032,1.7264745184105363,1.690843696725462,1.6753939686301462,1.4922719264356077,1.3944964387369836,1.8492352554317386,6.0
1.5767631956306032,1.7264745184105363,1.690843696725462,1.6753939686301462,1.4922719264356077,1.3944964387369836,1.1537791204273984,2.2665780871608,6.0
1.7264745184105363,1.690843696725462,1.6753939686301462,1.4922719264356077,1.3944964387369836,1.1537791204273984,1.739631353997007,2.2665780871608,5.0
1.690843696725462,1.6753939686301462,1.4922719264356077,1.3944964387369836,1.1537791204273984,1.739631353997007,0.8278972232178393,2.2665780871608,4.0
1.6753939686301462,1.4922719264356077,1.3944964387369836,1.1537791204273984,1.739631353997007,0.8278972232178393,0.9555531037698306,2.2665780871608,3.0
1.4922719264356077,1.3944964387369836,1.1537791204273984,1.739631353997007,0.8278972232178393,0.9555531037698306,1.2107920746354368,2.2665780871608,2.0
1.3944964387369836,1.1537791204273984,1.739631353997007,0.8278972232178393,0.9555531037698306,1.2107920746354368,1.709787356262828,2.2665780871608,1.0
1.1537791204273984,1.739631353997007,0.8278972232178393,0.9555531037698306,1.2107920746354368,1.709787356262828,1.8492352554317386,2.2665780871608,0.0
1.739631353997007,0.8278972232178393,0.9555531037698306,1.2107920746354368,1.709787356262828,1.8492352554317386,2.2665780871608,1.552196490178688,6.0
0.8278972232178393,0.9555531037698306,1.2107920746354368,1.709787356262828,1.8492352554317386,2.2665780871608,1.235195002051006,1.552196490178688,5.0
0.9555531037698306,1.2107920746354368,1.709787356262828,1.8492352554317386,2.2665780871608,1.235195002051006,0.8679682494438529,1.560640157830309,6.0
1.2107920746354368,1.709787356262828,1.8492352554317386,2.2665780871608,1.235195002051006,0.8679682494438529,0.10913001437357042,1.560640157830309,5.0
1.709787356262828,1.8492352554317386,2.2665780871608,1.235195002051006,0.8679682494438529,0.10913001437357042,0.8311181912659794,1.560640157830309,4.0
1.8492352554317386,2.2665780871608,1.235195002051006,0.8679682494438529,0.10913001437357042,0.8311181912659794,1.4862667317695841,1.560640157830309,3.0
2.2665780871608,1.235195002051006,0.8679682494438529,0.10913001437357042,0.8311181912659794,1.4862667317695841,0.972131080559975,1.560640157830309,2.0
1.235195002051006,0.8679682494438529,0.10913001437357042,0.8311181912659794,1.4862667317695841,0.972131080559975,1.552196490178688,1.560640157830309,1.0
0.8679682494438529,0.10913001437357042,0.8311181912659794,1.4862667317695841,0.972131080559975,1.552196490178688,1.462700892095339,1.560640157830309,0.0
0.10913001437357042,0.8311181912659794,1.4862667317695841,0.972131080559975,1.552196490178688,1.462700892095339,1.560640157830309,1.003449080621269,0.0
0.8311181912659794,1.4862667317695841,0.972131080559975,1.552196490178688,1.462700892095339,1.560640157830309,1.003449080621269,0.9732047365760216,1.0
1.4862667317695841,0.972131080559975,1.552196490178688,1.462700892095339,1.560640157830309,1.003449080621269,0.6528185023638541,0.9732047365760216,0.0
0.972131080559975,1.552196490178688,1.462700892095339,1.560640157830309,1.003449080621269,0.6528185023638541,0.9732047365760216,0.5280014411085288,6.0
1.552196490178688,1.462700892095339,1.560640157830309,1.003449080621269,0.6528185023638541,0.9732047365760216,0.2108179773849069,0.5280014411085288,5.0
1.462700892095339,1.560640157830309,1.003449080621269,0.6528185023638541,0.9732047365760216,0.2108179773849069,0.12172272561262638,0.5280014411085288,4.0
1.560640157830309,1.003449080621269,0.6528185023638541,0.9732047365760216,0.2108179773849069,0.12172272561262638,0.11693676743940129,0.5280014411085288,3.0
1.003449080621269,0.6528185023638541,0.9732047365760216,0.2108179773849069,0.12172272561262638,0.11693676743940129,0.10987611431692487,1.4648482041274322,6.0
0.6528185023638541,0.9732047365760216,0.2108179773849069,0.12172272561262638,0.11693676743940129,0.10987611431692487,0.014466309365522184,1.4648482041274322,5.0
0.9732047365760216,0.2108179773849069,0.12172272561262638,0.11693676743940129,0.10987611431692487,0.014466309365522184,0.4731539964921779,1.4648482041274322,4.0
0.2108179773849069,0.12172272561262638,0.11693676743940129,0.10987611431692487,0.014466309365522184,0.4731539964921779,0.5280014411085288,1.4648482041274322,3.0
0.12172272561262638,0.11693676743940129,0.10987611431692487,0.014466309365522184,0.4731539964921779,0.5280014411085288,0.37292183824836217,1.4648482041274322,2.0
0.11693676743940129,0.10987611431692487,0.014466309365522184,0.4731539964921779,0.5280014411085288,0.37292183824836217,0.21249215286755616,1.4648482041274322,1.0
0.10987611431692487,0.014466309365522184,0.4731539964921779,0.5280014411085288,0.37292183824836217,0.21249215286755616,0.2571125689920724,2.370722720717328,6.0
0.014466309365522184,0.4731539964921779,0.5280014411085288,0.37292183824836217,0.21249215286755616,0.2571125689920724,1.4648482041274322,2.370722720717328,5.0
0.4731539964921779,0.5280014411085288,0.37292183824836217,0.21249215286755616,0.2571125689920724,1.4648482041274322,0.652873095042636,2.370722720717328,4.0
0.5280014411085288,0.37292183824836217,0.21249215286755616,0.2571125689920724,1.4648482041274322,0.652873095042636,0.6814978562840163,2.370722720717328,3.0
0.37292183824836217,0.21249215286755616,0.2571125689920724,1.4648482041274322,0.652873095042636,0.6814978562840163,0.3427320868818969,2.370722720717328,2.0
0.21249215286755616,0.2571125689920724,1.4648482041274322,0.652873095042636,0.6814978562840163,0.3427320868818969,0.6615351334093856,2.370722720717328,1.0
0.2571125689920724,1.4648482041274322,0.652873095042636,0.6814978562840163,0.3427320868818969,0.6615351334093856,0.6657751647947903,2.370722720717328,0.0
1.4648482041274322,0.652873095042636,0.6814978562840163,0.3427320868818969,0.6615351334093856,0.6657751647947903,2.370722720717328,2.337548569577445,5.0
0.652873095042636,0.6814978562840163,0.3427320868818969,0.6615351334093856,0.6657751647947903,2.370722720717328,2.179775727897365,2.337548569577445,4.0
0.6814978562840163,0.3427320868818969,0.6615351334093856,0.6657751647947903,2.370722720717328,2.179775727897365,1.9164024478932353,2.337548569577445,3.0
0.3427320868818969,0.6615351334093856,0.6657751647947903,2.370722720717328,2.179775727897365,1.9164024478932353,1.0452670725683075,2.337548569577445,2.0
0.6615351334093856,0.6657751647947903,2.370722720717328,2.179775727897365,1.9164024478932353,1.0452670725683075,1.78496147494569,2.337548569577445,1.0
0.6657751647947903,2.370722720717328,2.179775727897365,1.9164024478932353,1.0452670725683075,1.78496147494569,2.3220078536841595,2.337548569577445,0.0
2.370722720717328,2.179775727897365,1.9164024478932353,1.0452670725683075,1.78496147494569,2.3220078536841595,2.337548569577445,1.3588110243731266,1.0
2.179775727897365,1.9164024478932353,1.0452670725683075,1.78496147494569,2.3220078536841595,2.337548569577445,0.5821755760199012,1.3588110243731266,0.0
1.9164024478932353,1.0452670725683075,1.78496147494569,2.3220078536841595,2.337548569577445,0.5821755760199012,1.3588110243731266,1.341960084189072,1.0
1.0452670725683075,1.78496147494569,2.3220078536841595,2.337548569577445,0.5821755760199012,1.3588110243731266,0.06989607588888132,1.341960084189072,0.0
1.78496147494569,2.3220078536841595,2.337548569577445,0.5821755760199012,1.3588110243731266,0.06989607588888132,1.341960084189072,1.2649116168680272,6.0
2.3220078536841595,2.337548569577445,0.5821755760199012,1.3588110243731266,0.06989607588888132,1.341960084189072,1.167063338931027,1.2649116168680272,5.0
2.337548569577445,0.5821755760199012,1.3588110243731266,0.06989607588888132,1.341960084189072,1.167063338931027,1.0886864497596191,1.2649116168680272,4.0
0.5821755760199012,1.3588110243731266,0.06989607588888132,1.341960084189072,1.167063338931027,1.0886864497596191,-0.1032173085289507,1.2649116168680272,3.0
1.3588110243731266,0.06989607588888132,1.341960084189072,1.167063338931027,1.0886864497596191,-0.1032173085289507,0.6616079236477617,1.2649116168680272,2.0
0.06989607588888132,1.341960084189072,1.167063338931027,1.0886864497596191,-0.1032173085289507,0.6616079236477617,0.3419859869385424,1.2649116168680272,1.0
1.341960084189072,1.167063338931027,1.0886864497596191,-0.1032173085289507,0.6616079236477617,0.3419859869385424,-0.2861937702467369,1.2649116168680272,0.0
1.167063338931027,1.0886864497596191,-0.1032173085289507,0.6616079236477617,0.3419859869385424,-0.2861937702467369,1.2649116168680272,0.13291422476294348,6.0
1.0886864497596191,-0.1032173085289507,0.6616079236477617,0.3419859869385424,-0.2861937702467369,1.2649116168680272,0.09098704745834092,0.13291422476294348,5.0
-0.1032173085289507,0.6616079236477617,0.3419859869385424,-0.2861937702467369,1.2649116168680272,0.09098704745834092,-0.6441761625801325,0.29328931746496734,6.0
0.6616079236477617,0.3419859869385424,-0.2861937702467369,1.2649116168680272,0.09098704745834092,-0.6441761625801325,-0.17664446149078736,1.0408996582657446,6.0
0.3419859869385424,-0.2861937702467369,1.2649116168680272,0.09098704745834092,-0.6441761625801325,-0.17664446149078736,0.059214108407196646,1.0408996582657446,5.0
-0.2861937702467369,1.2649116168680272,0.09098704745834092,-0.6441761625801325,-0.17664446149078736,0.059214108407196646,-0.5431615092737743,1.0408996582657446,4.0
1.2649116168680272,0.09098704745834092,-0.6441761625801325,-0.17664446149078736,0.059214108407196646,-0.5431615092737743,-0.27865998057481617,1.0408996582657446,3.0
0.09098704745834092,-0.6441761625801325,-0.17664446149078736,0.059214108407196646,-0.5431615092737743,-0.27865998057481617,0.13291422476294348,1.0408996582657446,2.0
-0.6441761625801325,-0.17664446149078736,0.059214108407196646,-0.5431615092737743,-0.27865998057481617,0.13291422476294348,0.040925561015214974,1.0408996582657446,1.0
-0.17664446149078736,0.059214108407196646,-0.5431615092737743,-0.27865998057481617,0.13291422476294348,0.040925561015214974,0.29328931746496734,1.0408996582657446,0.0
0.059214108407196646,-0.5431615092737743,-0.27865998057481617,0.13291422476294348,0.040925561015214974,0.29328931746496734,1.0408996582657446,0.5735681303319335,0.0
-0.5431615092737743,-0.27865998057481617,0.13291422476294348,0.040925561015214974,0.29328931746496734,1.0408996582657446,0.5735681303319335,0.10776519740401949,4.0
-0.27865998057481617,0.13291422476294348,0.040925561015214974,0.29328931746496734,1.0408996582657446,0.5735681303319335,-0.7492488716759553,0.10776519740401949,3.0
0.13291422476294348,0.040925561015214974,0.29328931746496734,1.0408996582657446,0.5735681303319335,-0.7492488716759553,-0.9112435471818463,0.10776519740401949,2.0
0.040925561015214974,0.29328931746496734,1.0408996582657446,0.5735681303319335,-0.7492488716759553,-0.9112435471818463,-0.7551266834248211,0.10776519740401949,1.0
0.29328931746496734,1.0408996582657446,0.5735681303319335,-0.7492488716759553,-0.9112435471818463,-0.7551266834248211,-0.5640523076876996,0.10776519740401949,0.0
1.0408996582657446,0.5735681303319335,-0.7492488716759553,-0.9112435471818463,-0.7551266834248211,-0.5640523076876996,0.10776519740401949,0.04773144830337538,6.0
0.5735681303319335,-0.7492488716759553,-0.9112435471818463,-0.7551266834248211,-0.5640523076876996,0.10776519740401949,-0.533243839295038,0.2487416915788272,6.0
-0.7492488716759553,-0.9112435471818463,-0.7551266834248211,-0.5640523076876996,0.10776519740401949,-0.533243839295038,-0.38393286282617306,0.2487416915788272,5.0
-0.9112435471818463,-0.7551266834248211,-0.5640523076876996,0.10776519740401949,-0.533243839295038,-0.38393286282617306,-0.4371607246386569,0.2487416915788272,4.0
-0.7551266834248211,-0.5640523076876996,0.10776519740401949,-0.533243839295038,-0.38393286282617306,-0.4371607246386569,-0.40902729750631506,0.2487416915788272,3.0
-0.5640523076876996,0.10776519740401949,-0.533243839295038,-0.38393286282617306,-0.4371607246386569,-0.40902729750631506,-0.20361324480911236,0.2487416915788272,2.0
0.10776519740401949,-0.533243839295038,-0.38393286282617306,-0.4371607246386569,-0.40902729750631506,-0.20361324480911236,-0.8657860433160055,0.2487416915788272,1.0
-0.533243839295038,-0.38393286282617306,-0.4371607246386569,-0.40902729750631506,-0.20361324480911236,-0.8657860433160055,0.04773144830337538,0.2487416915788272,0.0
-0.38393286282617306,-0.4371607246386569,-0.40902729750631506,-0.20361324480911236,-0.8657860433160055,0.04773144830337538,0.2487416915788272,-0.5049466341263501,3.0
-0.4371607246386569,-0.40902729750631506,-0.20361324480911236,-0.8657860433160055,0.04773144830337538,0.2487416915788272,-0.5436892385020007,-0.5049466341263501,2.0
-0.40902729750631506,-0.20361324480911236,-0.8657860433160055,0.04773144830337538,0.2487416915788272,-0.5436892385020007,-0.7017168460163971,-0.5049466341263501,1.0
-0.20361324480911236,-0.8657860433160055,0.04773144830337538,0.2487416915788272,-0.5436892385020007,-0.7017168460163971,-0.948475754111194,-0.5049466341263501,0.0
-0.8657860433160055,0.04773144830337538,0.2487416915788272,-0.5436892385020007,-0.7017168460163971,-0.948475754111194,-0.5049466341263501,-0.5288764249924752,6.0
0.04773144830337538,0.2487416915788272,-0.5436892385020007,-0.7017168460163971,-0.948475754111194,-0.5049466341263501,-0.8726283257233538,-0.5288764249924752,5.0
0.2487416915788272,-0.5436892385020007,-0.7017168460163971,-0.948475754111194,-0.5049466341263501,-0.8726283257233538,-0.8733744256667083,0.6697240352266907,6.0
-0.5436892385020007,-0.7017168460163971,-0.948475754111194,-0.5049466341263501,-0.8726283257233538,-0.8733744256667083,-0.9332443967310062,1.2152322791763757,6.0
-0.7017168460163971,-0.948475754111194,-0.5049466341263501,-0.8726283257233538,-0.8733744256667083,-0.9332443967310062,-0.9373024525204708,1.2152322791763757,5.0
-0.948475754111194,-0.5049466341263501,-0.8726283257233538,-0.8733744256667083,-0.9332443967310062,-0.9373024525204708,-0.8930823827070228,1.2152322791763757,4.0
-0.5049466341263501,-0.8726283257233538,-0.8733744256667083,-0.9332443967310062,-0.9373024525204708,-0.8930823827070228,-0.6927818442557374,1.2152322791763757,3.0
-0.8726283257233538,-0.8733744256667083,-0.9332443967310062,-0.9373024525204708,-0.8930823827070228,-0.6927818442557374,-0.5288764249924752,1.2152322791763757,2.0
-0.8733744256667083,-0.9332443967310062,-0.9373024525204708,-0.8930823827070228,-0.6927818442557374,-0.5288764249924752,-0.5745341020138502,1.2152322791763757,1.0
-0.9332443967310062,-0.9373024525204708,-0.8930823827070228,-0.6927818442557374,-0.5288764249924752,-0.5745341020138502,0.6697240352266907,1.2152322791763757,0.0
-0.9373024525204708,-0.8930823827070228,-0.6927818442557374,-0.5288764249924752,-0.5745341020138502,0.6697240352266907,1.2152322791763757,-0.1312961429825104,0.0
-0.8930823827070228,-0.6927818442557374,-0.5288764249924752,-0.5745341020138502,0.6697240352266907,1.2152322791763757,-0.1312961429825104,0.10447143911750333,6.0
-0.6927818442557374,-0.5288764249924752,-0.5745341020138502,0.6697240352266907,1.2152322791763757,-0.1312961429825104,-0.7167116351218626,0.10447143911750333,5.0
-0.5288764249924752,-0.5745341020138502,0.6697240352266907,1.2152322791763757,-0.1312961429825104,-0.7167116351218626,-0.5975722124598689,0.10447143911750333,4.0
-0.5745341020138502,0.6697240352266907,1.2152322791763757,-0.1312961429825104,-0.7167116351218626,-0.5975722124598689,-0.6792792550369808,0.10447143911750333,3.0
0.6697240352266907,1.2152322791763757,-0.1312961429825104,-0.7167116351218626,-0.5975722124598689,-0.6792792550369808,-0.6561865519121802,0.10447143911750333,2.0
1.2152322791763757,-0.1312961429825104,-0.7167116351218626,-0.5975722124598689,-0.6792792550369808,-0.6561865519121802,-0.2996417667867115,0.10447143911750333,1.0
-0.1312961429825104,-0.7167116351218626,-0.5975722124598689,-0.6792792550369808,-0.6561865519121802,-0.2996417667867115,-0.7806942546544073,0.10447143911750333,0.0
-0.7167116351218626,-0.5975722124598689,-0.6792792550369808,-0.6561865519121802,-0.2996417667867115,-0.7806942546544073,0.10447143911750333,-0.32377173080837085,0.0
-0.5975722124598689,-0.6792792550369808,-0.6561865519121802,-0.2996417667867115,-0.7806942546544073,0.10447143911750333,-0.32377173080837085,-0.608663625032419,0.0
-0.6792792550369808,-0.6561865519121802,-0.2996417667867115,-0.7806942546544073,0.10447143911750333,-0.32377173080837085,-0.608663625032419,-0.7190955154286781,0.0
-0.6561865519121802,-0.2996417667867115,-0.7806942546544073,0.10447143911750333,-0.32377173080837085,-0.608663625032419,-0.7190955154286781,-0.9865996414606482,6.0
-0.2996417667867115,-0.7806942546544073,0.10447143911750333,-0.32377173080837085,-0.608663625032419,-0.7190955154286781,-1.0276897310239264,-0.9865996414606482,5.0
-0.7806942546544073,0.10447143911750333,-0.32377173080837085,-0.608663625032419,-0.7190955154286781,-1.0276897310239264,-1.028726991920785,-0.9865996414606482,4.0
0.10447143911750333,-0.32377173080837085,-0.608663625032419,-0.7190955154286781,-1.0276897310239264,-1.028726991920785,-1.0281264724541825,-0.9865996414606482,3.0
-0.32377173080837085,-0.608663625032419,-0.7190955154286781,-1.0276897310239264,-1.028726991920785,-1.0281264724541825,-1.0275623481067682,-0.8860035320249522,6.0
-0.608663625032419,-0.7190955154286781,-1.0276897310239264,-1.028726991920785,-1.0281264724541825,-1.0275623481067682,-1.0275623481067682,-0.8860035320249522,5.0
-0.7190955154286781,-1.0276897310239264,-1.028726991920785,-1.0281264724541825,-1.0275623481067682,-1.0275623481067682,-1.0250874800019827,-0.11542787101653244,6.0
-1.0276897310239264,-1.028726991920785,-1.0281264724541825,-1.0275623481067682,-1.0275623481067682,-1.0250874800019827,-0.9865996414606482,-0.11542787101653244,5.0
-1.028726991920785,-1.0281264724541825,-1.0275623481067682,-1.0275623481067682,-1.0250874800019827,-0.9865996414606482,-0.9887105583735536,-0.11542787101653244,4.0
-1.0281264724541825,-1.0275623481067682,-1.0275623481067682,-1.0250874800019827,-0.9865996414606482,-0.9887105583735536,-1.028981757755101,-0.11542787101653244,3.0
-1.0275623481067682,-1.0275623481067682,-1.0250874800019827,-0.9865996414606482,-0.9887105583735536,-1.028981757755101,-1.0277443237027084,1.232156009598806,6.0
-1.0275623481067682,-1.0250874800019827,-0.9865996414606482,-0.9887105583735536,-1.028981757755101,-1.0277443237027084,-0.8860035320249522,1.232156009598806,5.0
-1.0250874800019827,-0.9865996414606482,-0.9887105583735536,-1.028981757755101,-1.0277443237027084,-0.8860035320249522,-0.8914809974627498,1.232156009598806,4.0
-0.9865996414606482,-0.9887105583735536,-1.028981757755101,-1.0277443237027084,-0.8860035320249522,-0.8914809974627498,-0.11542787101653244,1.232156009598806,3.0
-0.9887105583735536,-1.028981757755101,-1.0277443237027084,-0.8860035320249522,-0.8914809974627498,-0.11542787101653244,-0.49757662249077533,1.232156009598806,2.0
-1.028981757755101,-1.0277443237027084,-0.8860035320249522,-0.8914809974627498,-0.11542787101653244,-0.49757662249077533,-0.6268520858466335,1.232156009598806,1.0
-1.0277443237027084,-0.8860035320249522,-0.8914809974627498,-0.11542787101653244,-0.49757662249077533,-0.6268520858466335,-0.38853684540345806,1.232156009598806,0.0
-0.8860035320249522,-0.8914809974627498,-0.11542787101653244,-0.49757662249077533,-0.6268520858466335,-0.38853684540345806,1.232156009598806,0.11362481159329114,1.0
-0.8914809974627498,-0.11542787101653244,-0.49757662249077533,-0.6268520858466335,-0.38853684540345806,1.232156009598806,0.027805120547932608,0.11362481159329114,0.0
-0.11542787101653244,-0.49757662249077533,-0.6268520858466335,-0.38853684540345806,1.232156009598806,0.027805120547932608,0.11362481159329114,0.04432850465929518,2.0
-0.49757662249077533,-0.6268520858466335,-0.38853684540345806,1.232156009598806,0.027805120547932608,0.11362481159329114,-0.3236625454508068,0.04432850465929518,1.0
-0.6268520858466335,-0.38853684540345806,1.232156009598806,0.027805120547932608,0.11362481159329114,-0.3236625454508068,-0.28350053142682324,0.04432850465929518,0.0
-0.38853684540345806,1.232156009598806,0.027805120547932608,0.11362481159329114,-0.3236625454508068,-0.28350053142682324,0.04432850465929518,-0.0799608273678038,0.0
1.232156009598806,0.027805120547932608,0.11362481159329114,-0.3236625454508068,-0.28350053142682324,0.04432850465929518,-0.0799608273678038,-0.1096228495060427,1.0
0.027805120547932608,0.11362481159329114,-0.3236625454508068,-0.28350053142682324,0.04432850465929518,-0.0799608273678038,-0.660426583297585,-0.1096228495060427,0.0
0.11362481159329114,-0.3236625454508068,-0.28350053142682324,0.04432850465929518,-0.0799608273678038,-0.660426583297585,-0.1096228495060427,-0.5857983914025434,2.0
-0.3236625454508068,-0.28350053142682324,0.04432850465929518,-0.0799608273678038,-0.660426583297585,-0.1096228495060427,-0.6914170272861866,-0.5857983914025434,1.0
-0.28350053142682324,0.04432850465929518,-0.0799608273678038,-0.660426583297585,-0.1096228495060427,-0.6914170272861866,-0.8627470508638055,-0.5857983914025434,0.0
0.04432850465929518,-0.0799608273678038,-0.660426583297585,-0.1096228495060427,-0.6914170272861866,-0.8627470508638055,-0.5857983914025434,-0.5984638928799755,3.0
-0.0799608273678038,-0.660426583297585,-0.1096228495060427,-0.6914170272861866,-0.8627470508638055,-0.5857983914025434,-0.8005659897310679,-0.5984638928799755,2.0
-0.660426583297585,-0.1096228495060427,-0.6914170272861866,-0.8627470508638055,-0.5857983914025434,-0.8005659897310679,-0.8424931670356707,-0.5984638928799755,1.0
-0.1096228495060427,-0.6914170272861866,-0.8627470508638055,-0.5857983914025434,-0.8005659897310679,-0.8424931670356707,-0.8529749613618213,-0.5984638928799755,0.0
-0.6914170272861866,-0.8627470508638055,-0.5857983914025434,-0.8005659897310679,-0.8424931670356707,-0.8529749613618213,-0.5984638928799755,-0.758183873436615,2.0
-0.8627470508638055,-0.5857983914025434,-0.8005659897310679,-0.8424931670356707,-0.8529749613618213,-0.5984638928799755,-0.884147380946363,-0.758183873436615,1.0
-0.5857983914025434,-0.8005659897310679,-0.8424931670356707,-0.8529749613618213,-0.5984638928799755,-0.884147380946363,-0.9494220272100825,-0.758183873436615,0.0
-0.8005659897310679,-0.8424931670356707,-0.8529749613618213,-0.5984638928799755,-0.884147380946363,-0.9494220272100825,-0.758183873436615,-0.7731058723037044,6.0
-0.8424931670356707,-0.8529749613618213,-0.5984638928799755,-0.884147380946363,-0.9494220272100825,-0.758183873436615,-0.7884828101606444,-0.7731058723037044,5.0
-0.8529749613618213,-0.5984638928799755,-0.884147380946363,-0.9494220272100825,-0.758183873436615,-0.7884828101606444,-0.9528249708541627,-0.7731058723037044,4.0
-0.5984638928799755,-0.884147380946363,-0.9494220272100825,-0.758183873436615,-0.7884828101606444,-0.9528249708541627,-0.972296359619755,-0.7731058723037044,3.0
-0.884147380946363,-0.9494220272100825,-0.758183873436615,-0.7884828101606444,-0.9528249708541627,-0.972296359619755,-0.9510962026927317,-0.7701214725302866,6.0
-0.9494220272100825,-0.758183873436615,-0.7884828101606444,-0.9528249708541627,-0.972296359619755,-0.9510962026927317,-0.9555364072336704,-0.7701214725302866,5.0
-0.758183873436615,-0.7884828101606444,-0.9528249708541627,-0.972296359619755,-0.9510962026927317,-0.9555364072336704,-0.9742616960559084,-0.7701214725302866,4.0
-0.7884828101606444,-0.9528249708541627,-0.972296359619755,-0.9510962026927317,-0.9555364072336704,-0.9742616960559084,-0.7731058723037044,-0.7701214725302866,3.0
-0.9528249708541627,-0.972296359619755,-0.9510962026927317,-0.9555364072336704,-0.9742616960559084,-0.7731058723037044,-0.8762132449633739,-0.7701214725302866,2.0
-0.972296359619755,-0.9510962026927317,-0.9555364072336704,-0.9742616960559084,-0.7731058723037044,-0.8762132449633739,-0.9274575727801107,-0.7230443858605787,6.0
-0.9510962026927317,-0.9555364072336704,-0.9742616960559084,-0.7731058723037044,-0.8762132449633739,-0.9274575727801107,-0.9119532520060127,-0.6367697558253699,6.0
-0.9555364072336704,-0.9742616960559084,-0.7731058723037044,-0.8762132449633739,-0.9274575727801107,-0.9119532520060127,-0.7701214725302866,-0.6111839870361895,6.0
-0.9742616960559084,-0.7731058723037044,-0.8762132449633739,-0.9274575727801107,-0.9119532520060127,-0.7701214725302866,-0.8603813681165839,-0.6111839870361895,5.0
-0.7731058723037044,-0.8762132449633739,-0.9274575727801107,-0.9119532520060127,-0.7701214725302866,-0.8603813681165839,-0.8923180852040743,-0.5205237451388238,6.0
-0.8762132449633739,-0.9274575727801107,-0.9119532520060127,-0.7701214725302866,-0.8603813681165839,-0.8923180852040743,-0.8939740631271293,-0.5205237451388238,5.0
-0.9274575727801107,-0.9119532520060127,-0.7701214725302866,-0.8603813681165839,-0.8923180852040743,-0.8939740631271293,-0.8783605569954673,-0.5205237451388238,4.0
-0.9119532520060127,-0.7701214725302866,-0.8603813681165839,-0.8923180852040743,-0.8939740631271293,-0.8783605569954673,-0.7230443858605787,-0.5205237451388238,3.0
-0.7701214725302866,-0.8603813681165839,-0.8923180852040743,-0.8939740631271293,-0.8783605569954673,-0.7230443858605787,-0.6367697558253699,-0.5205237451388238,2.0
-0.8603813681165839,-0.8923180852040743,-0.8939740631271293,-0.8783605569954673,-0.7230443858605787,-0.6367697558253699,-0.6111839870361895,-0.5205237451388238,1.0
-0.8923180852040743,-0.8939740631271293,-0.8783605569954673,-0.7230443858605787,-0.6367697558253699,-0.6111839870361895,-0.8695711357115599,-0.5205237451388238,0.0
-0.8939740631271293,-0.8783605569954673,-0.7230443858605787,-0.6367697558253699,-0.6111839870361895,-0.8695711357115599,-0.5205237451388238,-0.7590573562971276,3.0
-0.8783605569954673,-0.7230443858605787,-0.6367697558253699,-0.6111839870361895,-0.8695711357115599,-0.5205237451388238,-0.8040963162923062,-0.731415263273824,6.0
-0.7230443858605787,-0.6367697558253699,-0.6111839870361895,-0.8695711357115599,-0.5205237451388238,-0.8040963162923062,-0.7604039757070844,-0.731415263273824,5.0
-0.6367697558253699,-0.6111839870361895,-0.8695711357115599,-0.5205237451388238,-0.8040963162923062,-0.7604039757070844,-0.7701578676494746,-0.731415263273824,4.0
-0.6111839870361895,-0.8695711357115599,-0.5205237451388238,-0.8040963162923062,-0.7604039757070844,-0.7701578676494746,-0.7590573562971276,-0.731415263273824,3.0
-0.8695711357115599,-0.5205237451388238,-0.8040963162923062,-0.7604039757070844,-0.7701578676494746,-0.7590573562971276,-0.7888649589121186,-0.731415263273824,2.0
-0.5205237451388238,-0.8040963162923062,-0.7604039757070844,-0.7701578676494746,-0.7590573562971276,-0.7888649589121186,-0.9295502921334219,-0.731415263273824,1.0
-0.8040963162923062,-0.7604039757070844,-0.7701578676494746,-0.7590573562971276,-0.7888649589121186,-0.9295502921334219,-0.8535754808284236,-0.731415263273824,0.0
-0.7604039757070844,-0.7701578676494746,-0.7590573562971276,-0.7888649589121186,-0.9295502921334219,-0.8535754808284236,-0.731415263273824,-0.5567732838500951,6.0
-0.7701578676494746,-0.7590573562971276,-0.7888649589121186,-0.9295502921334219,-0.8535754808284236,-0.731415263273824,-0.8781239887207453,-0.5567732838500951,5.0
-0.7590573562971276,-0.7888649589121186,-0.9295502921334219,-0.8535754808284236,-0.731415263273824,-0.8781239887207453,-0.8152696178830292,-0.5567732838500951,4.0
-0.7888649589121186,-0.9295502921334219,-0.8535754808284236,-0.731415263273824,-0.8781239887207453,-0.8152696178830292,-0.9241820120531885,-0.5567732838500951,3.0
-0.9295502921334219,-0.8535754808284236,-0.731415263273824,-0.8781239887207453,-0.8152696178830292,-0.9241820120531885,-0.7778008426789594,-0.5567732838500951,2.0
-0.8535754808284236,-0.731415263273824,-0.8781239887207453,-0.8152696178830292,-0.9241820120531885,-0.7778008426789594,-0.8392903965471246,-0.5567732838500951,1.0
-0.731415263273824,-0.8781239887207453,-0.8152696178830292,-0.9241820120531885,-0.7778008426789594,-0.8392903965471246,-0.8927002339555485,-0.5567732838500951,0.0
-0.8781239887207453,-0.8152696178830292,-0.9241820120531885,-0.7778008426789594,-0.8392903965471246,-0.8927002339555485,-0.5567732838500951,-0.7163476839299824,3.0
-0.8152696178830292,-0.9241820120531885,-0.7778008426789594,-0.8392903965471246,-0.8927002339555485,-0.5567732838500951,-0.9077678132993902,-0.7163476839299824,2.0
-0.9241820120531885,-0.7778008426789594,-0.8392903965471246,-0.8927002339555485,-0.5567732838500951,-0.9077678132993902,-0.9143371323128283,-0.7163476839299824,1.0
-0.7778008426789594,-0.8392903965471246,-0.8927002339555485,-0.5567732838500951,-0.9077678132993902,-0.9143371323128283,-0.7682471238921035,-0.6989326193985133,6.0
-0.8392903965471246,-0.8927002339555485,-0.5567732838500951,-0.9077678132993902,-0.9143371323128283,-0.7682471238921035,-0.7163476839299824,-0.6989326193985133,5.0
-0.8927002339555485,-0.5567732838500951,-0.9077678132993902,-0.9143371323128283,-0.7682471238921035,-0.7163476839299824,-0.8497721908732753,-0.6989326193985133,4.0
-0.5567732838500951,-0.9077678132993902,-0.9143371323128283,-0.7682471238921035,-0.7163476839299824,-0.8497721908732753,-0.8924818632404203,-0.6989326193985133,3.0
-0.9077678132993902,-0.9143371323128283,-0.7682471238921035,-0.7163476839299824,-0.8497721908732753,-0.8924818632404203,-0.918704546615391,-0.6989326193985133,2.0
-0.9143371323128283,-0.7682471238921035,-0.7163476839299824,-0.8497721908732753,-0.8924818632404203,-0.918704546615391,-0.8822184396293978,-0.6989326193985133,1.0
-0.7682471238921035,-0.7163476839299824,-0.8497721908732753,-0.8924818632404203,-0.918704546615391,-0.8822184396293978,-0.9294411067758579,-0.6989326193985133,0.0
-0.7163476839299824,-0.8497721908732753,-0.8924818632404203,-0.918704546615391,-0.8822184396293978,-0.9294411067758579,-0.6989326193985133,-0.7243364125917535,0.0
-0.8497721908732753,-0.8924818632404203,-0.918704546615391,-0.8822184396293978,-0.9294411067758579,-0.6989326193985133,-0.7243364125917535,-0.748757537566917,5.0
-0.8924818632404203,-0.918704546615391,-0.8822184396293978,-0.9294411067758579,-0.6989326193985133,-0.7243364125917535,-1.022467031420445,-0.748757537566917,4.0
-0.918704546615391,-0.8822184396293978,-0.9294411067758579,-0.6989326193985133,-0.7243364125917535,-1.022467031420445,-1.022539821658821,-0.6611726832409394,6.0
-0.8822184396293978,-0.9294411067758579,-0.6989326193985133,-0.7243364125917535,-1.022467031420445,-1.022539821658821,-1.0194826316470271,-0.6611726832409394,5.0
-0.9294411067758579,-0.6989326193985133,-0.7243364125917535,-1.022467031420445,-1.022539821658821,-1.0194826316470271,-1.0217391290366846,-0.6611726832409394,4.0
-0.6989326193985133,-0.7243364125917535,-1.022467031420445,-1.022539821658821,-1.0194826316470271,-1.0217391290366846,-1.0200103608752533,-0.6611726832409394,3.0
-0.8766681839532243,-0.9672192404930259,-0.9572469778355076,-0.7846613226459018,-0.8684792821359192,-0.789538268617097,-0.7888649589121186,-0.6528018058276941,0.0
-0.9672192404930259,-0.9572469778355076,-0.7846613226459018,-0.8684792821359192,-0.789538268617097,-0.7888649589121186,-0.6528018058276941,-0.8463692472291952,2.0
-0.9572469778355076,-0.7846613226459018,-0.8684792821359192,-0.789538268617097,-0.7888649589121186,-0.6528018058276941,-0.9200329684657539,-0.8463692472291952,1.0
-0.7846613226459018,-0.8684792821359192,-0.789538268617097,-0.7888649589121186,-0.6528018058276941,-0.9200329684657539,-0.8645304117040186,-0.720314751921477,6.0
-0.8684792821359192,-0.789538268617097,-0.7888649589121186,-0.6528018058276941,-0.9200329684657539,-0.8645304117040186,-0.8463692472291952,-0.720314751921477,5.0
-0.789538268617097,-0.7888649589121186,-0.6528018058276941,-0.9200329684657539,-0.8645304117040186,-0.8463692472291952,-0.8670416749279922,-0.720314751921477,4.0
-0.7888649589121186,-0.6528018058276941,-0.9200329684657539,-0.8645304117040186,-0.8463692472291952,-0.8670416749279922,-0.9380121573446374,-0.16841916455429412,6.0
-0.6528018058276941,-0.9200329684657539,-0.8645304117040186,-0.8463692472291952,-0.8670416749279922,-0.9380121573446374,-1.0506004585527868,0.5453437154016216,6.0
-0.9200329684657539,-0.8645304117040186,-0.8463692472291952,-0.8670416749279922,-0.9380121573446374,-1.0506004585527868,-1.0277443237027084,0.5453437154016216,5.0
-0.8645304117040186,-0.8463692472291952,-0.8670416749279922,-0.9380121573446374,-1.0506004585527868,-1.0277443237027084,-0.9175035076821864,0.5453437154016216,4.0
-0.8463692472291952,-0.8670416749279922,-0.9380121573446374,-1.0506004585527868,-1.0277443237027084,-0.9175035076821864,-0.720314751921477,0.5453437154016216,3.0
-0.8670416749279922,-0.9380121573446374,-1.0506004585527868,-1.0277443237027084,-0.9175035076821864,-0.720314751921477,-0.7980001338283124,0.5453437154016216,2.0
-0.9380121573446374,-1.0506004585527868,-1.0277443237027084,-0.9175035076821864,-0.720314751921477,-0.7980001338283124,-0.8440399596011616,0.5453437154016216,1.0
-1.0506004585527868,-1.0277443237027084,-0.9175035076821864,-0.720314751921477,-0.7980001338283124,-0.8440399596011616,-0.16841916455429412,0.5453437154016216,0.0
-1.0277443237027084,-0.9175035076821864,-0.720314751921477,-0.7980001338283124,-0.8440399596011616,-0.16841916455429412,0.5453437154016216,0.37113847740814887,0.0
-0.9175035076821864,-0.720314751921477,-0.7980001338283124,-0.8440399596011616,-0.16841916455429412,0.5453437154016216,0.37113847740814887,0.6052136864659198,6.0
-0.720314751921477,-0.7980001338283124,-0.8440399596011616,-0.16841916455429412,0.5453437154016216,0.37113847740814887,0.16339513708291295,0.6052136864659198,5.0
-0.7980001338283124,-0.8440399596011616,-0.16841916455429412,0.5453437154016216,0.37113847740814887,0.16339513708291295,-0.7000062754145601,0.6052136864659198,4.0
-0.8440399596011616,-0.16841916455429412,0.5453437154016216,0.37113847740814887,0.16339513708291295,-0.7000062754145601,-0.5697845389598133,0.6052136864659198,3.0
-0.16841916455429412,0.5453437154016216,0.37113847740814887,0.16339513708291295,-0.7000062754145601,-0.5697845389598133,-0.5412143703972151,0.6052136864659198,2.0
0.5453437154016216,0.37113847740814887,0.16339513708291295,-0.7000062754145601,-0.5697845389598133,-0.5412143703972151,-0.6782965868189043,0.6052136864659198,1.0
0.37113847740814887,0.16339513708291295,-0.7000062754145601,-0.5697845389598133,-0.5412143703972151,-0.6782965868189043,-0.4027855345655691,0.6052136864659198,0.0
0.16339513708291295,-0.7000062754145601,-0.5697845389598133,-0.5412143703972151,-0.6782965868189043,-0.4027855345655691,0.6052136864659198,0.3912649783191257,5.0
-0.7000062754145601,-0.5697845389598133,-0.5412143703972151,-0.6782965868189043,-0.4027855345655691,0.6052136864659198,0.07710230948810992,0.3912649783191257,4.0
-0.5697845389598133,-0.5412143703972151,-0.6782965868189043,-0.4027855345655691,0.6052136864659198,0.07710230948810992,-0.668488102197732,0.4049677406934164,6.0
-0.5412143703972151,-0.6782965868189043,-0.4027855345655691,0.6052136864659198,0.07710230948810992,-0.668488102197732,0.0682764930850144,0.4049677406934164,5.0
-0.6782965868189043,-0.4027855345655691,0.6052136864659198,0.07710230948810992,-0.668488102197732,0.0682764930850144,-0.7208242835901093,0.4049677406934164,4.0
-0.4027855345655691,0.6052136864659198,0.07710230948810992,-0.668488102197732,0.0682764930850144,-0.7208242835901093,-0.43568672231154193,0.4049677406934164,3.0
0.6052136864659198,0.07710230948810992,-0.668488102197732,0.0682764930850144,-0.7208242835901093,-0.43568672231154193,0.3912649783191257,0.9233616208480239,6.0
0.07710230948810992,-0.668488102197732,0.0682764930850144,-0.7208242835901093,-0.43568672231154193,0.3912649783191257,0.1520944525750316,0.9233616208480239,5.0
-0.668488102197732,0.0682764930850144,-0.7208242835901093,-0.43568672231154193,0.3912649783191257,0.1520944525750316,0.15014731369847237,0.9233616208480239,4.0
0.0682764930850144,-0.7208242835901093,-0.43568672231154193,0.3912649783191257,0.1520944525750316,0.15014731369847237,0.4049677406934164,0.9233616208480239,3.0
-0.7208242835901093,-0.43568672231154193,0.3912649783191257,0.1520944525750316,0.15014731369847237,0.4049677406934164,0.008752275653002507,0.9233616208480239,2.0
-0.43568672231154193,0.3912649783191257,0.1520944525750316,0.15014731369847237,0.4049677406934164,0.008752275653002507,0.05544721357123619,0.9233616208480239,1.0
0.3912649783191257,0.1520944525750316,0.15014731369847237,0.4049677406934164,0.008752275653002507,0.05544721357123619,0.28930405191387887,0.9233616208480239,0.0
0.1520944525750316,0.15014731369847237,0.4049677406934164,0.008752275653002507,0.05544721357123619,0.28930405191387887,0.9233616208480239,0.3972337778659614,6.0
0.15014731369847237,0.4049677406934164,0.008752275653002507,0.05544721357123619,0.28930405191387887,0.9233616208480239,-0.20696159577441064,0.3972337778659614,5.0
0.4049677406934164,0.008752275653002507,0.05544721357123619,0.28930405191387887,0.9233616208480239,-0.20696159577441064,-0.12481781176704229,0.3972337778659614,4.0
0.008752275653002507,0.05544721357123619,0.28930405191387887,0.9233616208480239,-0.20696159577441064,-0.12481781176704229,-0.07046170125972971,0.3972337778659614,3.0
0.05544721357123619,0.28930405191387887,0.9233616208480239,-0.20696159577441064,-0.12481781176704229,-0.07046170125972971,-0.04347472038181074,0.3972337778659614,2.0
0.28930405191387887,0.9233616208480239,-0.20696159577441064,-0.12481781176704229,-0.07046170125972971,-0.04347472038181074,0.3009504900540463,0.3972337778659614,1.0
0.9233616208480239,-0.20696159577441064,-0.12481781176704229,-0.07046170125972971,-0.04347472038181074,0.3009504900540463,0.23869663868293273,0.3972337778659614,0.0
-0.20696159577441064,-0.12481781176704229,-0.07046170125972971,-0.04347472038181074,0.3009504900540463,0.23869663868293273,0.3972337778659614,0.30639156037265575,3.0
-0.12481781176704229,-0.07046170125972971,-0.04347472038181074,0.3009504900540463,0.23869663868293273,0.3972337778659614,0.18772527426010638,0.30639156037265575,2.0
-0.07046170125972971,-0.04347472038181074,0.3009504900540463,0.23869663868293273,0.3972337778659614,0.18772527426010638,0.05737615488820145,0.6705611229680152,6.0
-0.04347472038181074,0.3009504900540463,0.23869663868293273,0.3972337778659614,0.18772527426010638,0.05737615488820145,0.18188385763042872,0.6953280015754649,6.0
0.3009504900540463,0.23869663868293273,0.3972337778659614,0.18772527426010638,0.05737615488820145,0.18188385763042872,0.30639156037265575,0.6953280015754649,5.0
0.23869663868293273,0.3972337778659614,0.18772527426010638,0.05737615488820145,0.18188385763042872,0.30639156037265575,0.17942718708523706,0.7150359586157797,6.0
0.3972337778659614,0.18772527426010638,0.05737615488820145,0.18188385763042872,0.30639156037265575,0.17942718708523706,0.12346969133365152,0.9751882705717687,6.0
0.18772527426010638,0.05737615488820145,0.18188385763042872,0.30639156037265575,0.17942718708523706,0.12346969133365152,0.03106248371526063,0.9751882705717687,5.0
0.05737615488820145,0.18188385763042872,0.30639156037265575,0.17942718708523706,0.12346969133365152,0.03106248371526063,-0.4983409199937239,0.9751882705717687,4.0
0.18188385763042872,0.30639156037265575,0.17942718708523706,0.12346969133365152,0.03106248371526063,-0.4983409199937239,0.6705611229680152,0.9751882705717687,3.0
0.30639156037265575,0.17942718708523706,0.12346969133365152,0.03106248371526063,-0.4983409199937239,0.6705611229680152,0.6953280015754649,0.9751882705717687,2.0
0.17942718708523706,0.12346969133365152,0.03106248371526063,-0.4983409199937239,0.6705611229680152,0.6953280015754649,0.1951134834552751,0.9751882705717687,1.0
0.12346969133365152,0.03106248371526063,-0.4983409199937239,0.6705611229680152,0.6953280015754649,0.1951134834552751,0.7150359586157797,0.9751882705717687,0.0
0.03106248371526063,-0.4983409199937239,0.6705611229680152,0.6953280015754649,0.1951134834552751,0.7150359586157797,0.9751882705717687,0.706537698285376,0.0
-0.4983409199937239,0.6705611229680152,0.6953280015754649,0.1951134834552751,0.7150359586157797,0.9751882705717687,0.706537698285376,1.3029627139791053,6.0
0.6705611229680152,0.6953280015754649,0.1951134834552751,0.7150359586157797,0.9751882705717687,0.706537698285376,0.5558982999661483,1.6984502766357588,6.0
0.6953280015754649,0.1951134834552751,0.7150359586157797,0.9751882705717687,0.706537698285376,0.5558982999661483,0.44631259609101065,1.6984502766357588,5.0
0.1951134834552751,0.7150359586157797,0.9751882705717687,0.706537698285376,0.5558982999661483,0.44631259609101065,0.1281828592685005,1.6984502766357588,4.0
0.7150359586157797,0.9751882705717687,0.706537698285376,0.5558982999661483,0.44631259609101065,0.1281828592685005,0.5136071714696655,1.6984502766357588,3.0
0.9751882705717687,0.706537698285376,0.5558982999661483,0.44631259609101065,0.1281828592685005,0.5136071714696655,0.3879712200326096,1.6984502766357588,2.0
0.706537698285376,0.5558982999661483,0.44631259609101065,0.1281828592685005,0.5136071714696655,0.3879712200326096,0.6240299630861277,2.4246420897943843,6.0
0.5558982999661483,0.44631259609101065,0.1281828592685005,0.5136071714696655,0.3879712200326096,0.6240299630861277,1.3029627139791053,2.4246420897943843,5.0
0.44631259609101065,0.1281828592685005,0.5136071714696655,0.3879712200326096,0.6240299630861277,1.3029627139791053,1.6984502766357588,2.4246420897943843,4.0
0.1281828592685005,0.5136071714696655,0.3879712200326096,0.6240299630861277,1.3029627139791053,1.6984502766357588,0.33749118971882147,2.4246420897943843,3.0
0.5136071714696655,0.3879712200326096,0.6240299630861277,1.3029627139791053,1.6984502766357588,0.33749118971882147,0.8891684063708764,2.4246420897943843,2.0
0.3879712200326096,0.6240299630861277,1.3029627139791053,1.6984502766357588,0.33749118971882147,0.8891684063708764,1.2656395192517873,2.4246420897943843,1.0
0.6240299630861277,1.3029627139791053,1.6984502766357588,0.33749118971882147,0.8891684063708764,1.2656395192517873,1.004941280507978,2.4246420897943843,0.0
1.3029627139791053,1.6984502766357588,0.33749118971882147,0.8891684063708764,1.2656395192517873,1.004941280507978,2.4246420897943843,2.041783633495975,2.0
1.6984502766357588,0.33749118971882147,0.8891684063708764,1.2656395192517873,1.004941280507978,2.4246420897943843,1.6390170470017167,2.041783633495975,1.0
0.33749118971882147,0.8891684063708764,1.2656395192517873,1.004941280507978,2.4246420897943843,1.6390170470017167,1.5756895396145567,2.041783633495975,0.0
0.8891684063708764,1.2656395192517873,1.004941280507978,2.4246420897943843,1.6390170470017167,1.5756895396145567,2.041783633495975,2.0150332208927777,6.0
1.2656395192517873,1.004941280507978,2.4246420897943843,1.6390170470017167,1.5756895396145567,2.041783633495975,1.50888629834494,2.0150332208927777,5.0
1.004941280507978,2.4246420897943843,1.6390170470017167,1.5756895396145567,2.041783633495975,1.50888629834494,1.019462933063999,2.9003990878202224,6.0
2.4246420897943843,1.6390170470017167,1.5756895396145567,2.041783633495975,1.50888629834494,1.019462933063999,1.3482564398086,2.9003990878202224,5.0
1.6390170470017167,1.5756895396145567,2.041783633495975,1.50888629834494,1.019462933063999,1.3482564398086,1.3298769046186485,2.9003990878202224,4.0
1.5756895396145567,2.041783633495975,1.50888629834494,1.019462933063999,1.3482564398086,1.3298769046186485,1.5013707062326134,2.9003990878202224,3.0
2.041783633495975,1.50888629834494,1.019462933063999,1.3482564398086,1.3298769046186485,1.5013707062326134,0.8521363725970627,2.9003990878202224,2.0
1.50888629834494,1.019462933063999,1.3482564398086,1.3298769046186485,1.5013707062326134,0.8521363725970627,2.0150332208927777,2.9003990878202224,1.0
1.019462933063999,1.3482564398086,1.3298769046186485,1.5013707062326134,0.8521363725970627,2.0150332208927777,1.5297407016396773,2.9003990878202224,0.0
1.3482564398086,1.3298769046186485,1.5013707062326134,0.8521363725970627,2.0150332208927777,1.5297407016396773,2.9003990878202224,2.737439941655849,3.0
1.3298769046186485,1.5013707062326134,0.8521363725970627,2.0150332208927777,1.5297407016396773,2.9003990878202224,1.7591209403221932,2.737439941655849,2.0
1.5013707062326134,0.8521363725970627,2.0150332208927777,1.5297407016396773,2.9003990878202224,1.7591209403221932,2.447516422204057,2.737439941655849,1.0
0.8521363725970627,2.0150332208927777,1.5297407016396773,2.9003990878202224,1.7591209403221932,2.447516422204057,1.8007933517924797,2.737439941655849,0.0
2.0150332208927777,1.5297407016396773,2.9003990878202224,1.7591209403221932,2.447516422204057,1.8007933517924797,2.737439941655849,2.5228907140424526,0.0
1.5297407016396773,2.9003990878202224,1.7591209403221932,2.447516422204057,1.8007933517924797,2.737439941655849,2.5228907140424526,1.9698486804208468,4.0
2.9003990878202224,1.7591209403221932,2.447516422204057,1.8007933517924797,2.737439941655849,2.5228907140424526,1.5324339404595912,1.9698486804208468,3.0
1.7591209403221932,2.447516422204057,1.8007933517924797,2.737439941655849,2.5228907140424526,1.5324339404595912,1.6814719535345461,2.7736712828075256,6.0
2.447516422204057,1.8007933517924797,2.737439941655849,2.5228907140424526,1.5324339404595912,1.6814719535345461,1.782341026364152,2.7736712828075256,5.0
1.8007933517924797,2.737439941655849,2.5228907140424526,1.5324339404595912,1.6814719535345461,1.782341026364152,1.2512088544937365,2.7736712828075256,4.0
2.737439941655849,2.5228907140424526,1.5324339404595912,1.6814719535345461,1.782341026364152,1.2512088544937365,1.9698486804208468,2.7736712828075256,3.0
2.5228907140424526,1.5324339404595912,1.6814719535345461,1.782341026364152,1.2512088544937365,1.9698486804208468,1.157473225024983,2.7736712828075256,2.0
1.5324339404595912,1.6814719535345461,1.782341026364152,1.2512088544937365,1.9698486804208468,1.157473225024983,1.8773140898852982,2.7736712828075256,1.0
1.6814719535345461,1.782341026364152,1.2512088544937365,1.9698486804208468,1.157473225024983,1.8773140898852982,0.9876535988936668,2.7736712828075256,0.0
1.782341026364152,1.2512088544937365,1.9698486804208468,1.157473225024983,1.8773140898852982,0.9876535988936668,2.7736712828075256,2.0089734335479723,1.0
1.2512088544937365,1.9698486804208468,1.157473225024983,1.8773140898852982,0.9876535988936668,2.7736712828075256,1.6823818315142463,2.3249194632192007,6.0
1.9698486804208468,1.157473225024983,1.8773140898852982,0.9876535988936668,2.7736712828075256,1.6823818315142463,2.0089734335479723,2.3249194632192007,5.0
1.157473225024983,1.8773140898852982,0.9876535988936668,2.7736712828075256,1.6823818315142463,2.0089734335479723,1.8398999073600106,2.3249194632192007,4.0
1.8773140898852982,0.9876535988936668,2.7736712828075256,1.6823818315142463,2.0089734335479723,1.8398999073600106,1.1330521000498195,2.3249194632192007,3.0
0.9876535988936668,2.7736712828075256,1.6823818315142463,2.0089734335479723,1.8398999073600106,1.1330521000498195,1.9705037925662314,2.3249194632192007,2.0
2.7736712828075256,1.6823818315142463,2.0089734335479723,1.8398999073600106,1.1330521000498195,1.9705037925662314,1.6344312619840262,2.3249194632192007,1.0
1.6823818315142463,2.0089734335479723,1.8398999073600106,1.1330521000498195,1.9705037925662314,1.6344312619840262,1.905119960944948,2.3249194632192007,0.0
2.0089734335479723,1.8398999073600106,1.1330521000498195,1.9705037925662314,1.6344312619840262,1.905119960944948,2.3249194632192007,1.5892285239525012,3.0
1.8398999073600106,1.1330521000498195,1.9705037925662314,1.6344312619840262,1.905119960944948,2.3249194632192007,0.8934812279946571,1.65617734569887,6.0
1.1330521000498195,1.9705037925662314,1.6344312619840262,1.905119960944948,2.3249194632192007,0.8934812279946571,1.0696518024242831,1.711880075616139,6.0
1.9705037925662314,1.6344312619840262,1.905119960944948,2.3249194632192007,0.8934812279946571,1.0696518024242831,1.0965659930638263,1.711880075616139,5.0
1.6344312619840262,1.905119960944948,2.3249194632192007,0.8934812279946571,1.0696518024242831,1.0965659930638263,1.5892285239525012,1.711880075616139,4.0
1.905119960944948,2.3249194632192007,0.8934812279946571,1.0696518024242831,1.0965659930638263,1.5892285239525012,1.5295951211629253,1.711880075616139,3.0
2.3249194632192007,0.8934812279946571,1.0696518024242831,1.0965659930638263,1.5892285239525012,1.5295951211629253,0.9978078371471252,1.711880075616139,2.0
0.8934812279946571,1.0696518024242831,1.0965659930638263,1.5892285239525012,1.5295951211629253,0.9978078371471252,1.4034314404976433,1.711880075616139,1.0
1.0696518024242831,1.0965659930638263,1.5892285239525012,1.5295951211629253,0.9978078371471252,1.4034314404976433,1.65617734569887,1.711880075616139,0.0
1.0965659930638263,1.5892285239525012,1.5295951211629253,0.9978078371471252,1.4034314404976433,1.65617734569887,1.711880075616139,2.5226177506485428,6.0
1.5892285239525012,1.5295951211629253,0.9978078371471252,1.4034314404976433,1.65617734569887,1.711880075616139,0.627815055481682,2.5226177506485428,5.0
1.5295951211629253,0.9978078371471252,1.4034314404976433,1.65617734569887,1.711880075616139,0.627815055481682,0.9983355663753518,2.5226177506485428,4.0
0.9978078371471252,1.4034314404976433,1.65617734569887,1.711880075616139,0.627815055481682,0.9983355663753518,-0.1864347485523656,2.5226177506485428,3.0
1.4034314404976433,1.65617734569887,1.711880075616139,0.627815055481682,0.9983355663753518,-0.1864347485523656,1.2390346871253428,2.5226177506485428,2.0
1.65617734569887,1.711880075616139,0.627815055481682,0.9983355663753518,-0.1864347485523656,1.2390346871253428,0.281479101288454,2.5226177506485428,1.0
1.711880075616139,0.627815055481682,0.9983355663753518,-0.1864347485523656,1.2390346871253428,0.281479101288454,1.321360446728651,2.5226177506485428,0.0
0.627815055481682,0.9983355663753518,-0.1864347485523656,1.2390346871253428,0.281479101288454,1.321360446728651,2.5226177506485428,2.469444481514841,1.0
0.9983355663753518,-0.1864347485523656,1.2390346871253428,0.281479101288454,1.321360446728651,2.5226177506485428,2.0362515753793953,2.469444481514841,0.0
-0.1864347485523656,1.2390346871253428,0.281479101288454,1.321360446728651,2.5226177506485428,2.0362515753793953,2.469444481514841,1.453693100096303,0.0
1.2390346871253428,0.281479101288454,1.321360446728651,2.5226177506485428,2.0362515753793953,2.469444481514841,1.453693100096303,1.4288352336908834,0.0
0.281479101288454,1.321360446728651,2.5226177506485428,2.0362515753793953,2.469444481514841,1.453693100096303,1.4288352336908834,1.2639653437691383,6.0
1.321360446728651,2.5226177506485428,2.0362515753793953,2.469444481514841,1.453693100096303,1.4288352336908834,1.1487929890986393,1.2639653437691383,5.0
2.5226177506485428,2.0362515753793953,2.469444481514841,1.453693100096303,1.4288352336908834,1.1487929890986393,0.3068464993625061,1.2639653437691383,4.0
2.0362515753793953,2.469444481514841,1.453693100096303,1.4288352336908834,1.1487929890986393,0.3068464993625061,0.9960790689856941,1.2639653437691383,3.0
2.469444481514841,1.453693100096303,1.4288352336908834,1.1487929890986393,0.3068464993625061,0.9960790689856941,0.3247528980030133,1.2639653437691383,2.0
1.453693100096303,1.4288352336908834,1.1487929890986393,0.3068464993625061,0.9960790689856941,0.3247528980030133,0.46611154092929524,1.2639653437691383,1.0
1.4288352336908834,1.1487929890986393,0.3068464993625061,0.9960790689856941,0.3247528980030133,0.46611154092929524,0.3135068061739143,1.2639653437691383,0.0
1.1487929890986393,0.3068464993625061,0.9960790689856941,0.3247528980030133,0.46611154092929524,0.3135068061739143,1.2639653437691383,1.0237029644494038,2.0
0.3068464993625061,0.9960790689856941,0.3247528980030133,0.46611154092929524,0.3135068061739143,1.2639653437691383,0.704481374051253,1.0237029644494038,1.0
0.9960790689856941,0.3247528980030133,0.46611154092929524,0.3135068061739143,1.2639653437691383,0.704481374051253,-0.40123874200007803,1.0237029644494038,0.0
0.3247528980030133,0.46611154092929524,0.3135068061739143,1.2639653437691383,0.704481374051253,-0.40123874200007803,1.0237029644494038,0.30460819953244267,6.0
0.46611154092929524,0.3135068061739143,1.2639653437691383,0.704481374051253,-0.40123874200007803,1.0237029644494038,-0.6264153444163773,0.30460819953244267,5.0
0.3135068061739143,1.2639653437691383,0.704481374051253,-0.40123874200007803,1.0237029644494038,-0.6264153444163773,-0.7022627728042174,0.30460819953244267,4.0
1.2639653437691383,0.704481374051253,-0.40123874200007803,1.0237029644494038,-0.6264153444163773,-0.7022627728042174,-0.5510774476971693,0.30460819953244267,3.0
0.704481374051253,-0.40123874200007803,1.0237029644494038,-0.6264153444163773,-0.7022627728042174,-0.5510774476971693,-0.41192070948176296,0.30460819953244267,2.0
-0.40123874200007803,1.0237029644494038,-0.6264153444163773,-0.7022627728042174,-0.5510774476971693,-0.41192070948176296,-0.23551356677741464,0.30460819953244267,1.0
1.0237029644494038,-0.6264153444163773,-0.7022627728042174,-0.5510774476971693,-0.41192070948176296,-0.23551356677741464,0.07166123916950064,0.30460819953244267,0.0
-0.6264153444163773,-0.7022627728042174,-0.5510774476971693,-0.41192070948176296,-0.23551356677741464,0.07166123916950064,0.30460819953244267,0.2238474300542192,0.0
-0.7022627728042174,-0.5510774476971693,-0.41192070948176296,-0.23551356677741464,0.07166123916950064,0.30460819953244267,0.2238474300542192,-0.1134989296995672,0.0
-0.5510774476971693,-0.41192070948176296,-0.23551356677741464,0.07166123916950064,0.30460819953244267,0.2238474300542192,-0.1134989296995672,0.553860173291619,6.0
-0.41192070948176296,-0.23551356677741464,0.07166123916950064,0.30460819953244267,0.2238474300542192,-0.1134989296995672,-0.33549095918691424,0.553860173291619,5.0
-0.23551356677741464,0.07166123916950064,0.30460819953244267,0.2238474300542192,-0.1134989296995672,-0.33549095918691424,-0.3691746419954297,0.9905652084287087,6.0
0.07166123916950064,0.30460819953244267,0.2238474300542192,-0.1134989296995672,-0.33549095918691424,-0.3691746419954297,-0.42684270834885235,0.9905652084287087,5.0
0.30460819953244267,0.2238474300542192,-0.1134989296995672,-0.33549095918691424,-0.3691746419954297,-0.42684270834885235,-0.47457490716394474,0.9905652084287087,4.0
0.2238474300542192,-0.1134989296995672,-0.33549095918691424,-0.3691746419954297,-0.42684270834885235,-0.47457490716394474,-0.6014846877725815,0.9905652084287087,3.0
-0.1134989296995672,-0.33549095918691424,-0.3691746419954297,-0.42684270834885235,-0.47457490716394474,-0.6014846877725815,-0.497103485941331,0.9905652084287087,2.0
-0.33549095918691424,-0.3691746419954297,-0.42684270834885235,-0.47457490716394474,-0.6014846877725815,-0.497103485941331,0.553860173291619,0.9905652084287087,1.0
-0.3691746419954297,-0.42684270834885235,-0.47457490716394474,-0.6014846877725815,-0.497103485941331,0.553860173291619,-0.6577515420372652,0.9905652084287087,0.0
-0.42684270834885235,-0.47457490716394474,-0.6014846877725815,-0.497103485941331,0.553860173291619,-0.6577515420372652,0.9905652084287087,0.8093721075511356,2.0
-0.47457490716394474,-0.6014846877725815,-0.497103485941331,0.553860173291619,-0.6577515420372652,0.9905652084287087,-0.5557178253936423,0.8093721075511356,1.0
-0.6014846877725815,-0.497103485941331,0.553860173291619,-0.6577515420372652,0.9905652084287087,-0.5557178253936423,-0.1528420535418201,0.8093721075511356,0.0
-0.497103485941331,0.553860173291619,-0.6577515420372652,0.9905652084287087,-0.5557178253936423,-0.1528420535418201,0.8093721075511356,0.6296348114410834,2.0
0.553860173291619,-0.6577515420372652,0.9905652084287087,-0.5557178253936423,-0.1528420535418201,0.8093721075511356,-0.2745473321065695,0.6296348114410834,1.0
-0.6577515420372652,0.9905652084287087,-0.5557178253936423,-0.1528420535418201,0.8093721075511356,-0.2745473321065695,-0.5791016894719471,0.6296348114410834,0.0
0.9905652084287087,-0.5557178253936423,-0.1528420535418201,0.8093721075511356,-0.2745473321065695,-0.5791016894719471,0.6296348114410834,0.6708704814811135,6.0
-0.5557178253936423,-0.1528420535418201,0.8093721075511356,-0.2745473321065695,-0.5791016894719471,0.6296348114410834,0.40021817763937945,0.6708704814811135,5.0
-0.1528420535418201,0.8093721075511356,-0.2745473321065695,-0.5791016894719471,0.6296348114410834,0.40021817763937945,0.1444332799859529,0.6708704814811135,4.0
0.8093721075511356,-0.2745473321065695,-0.5791016894719471,0.6296348114410834,0.40021817763937945,0.1444332799859529,0.09471754717511323,0.6708704814811135,3.0
-0.2745473321065695,-0.5791016894719471,0.6296348114410834,0.40021817763937945,0.1444332799859529,0.09471754717511323,0.3898455686707929,0.8478599460924698,6.0
-0.5791016894719471,0.6296348114410834,0.40021817763937945,0.1444332799859529,0.09471754717511323,0.3898455686707929,0.1081473461554937,0.8478599460924698,5.0
0.6296348114410834,0.40021817763937945,0.1444332799859529,0.09471754717511323,0.3898455686707929,0.1081473461554937,-0.2693974227414643,0.8478599460924698,4.0
0.40021817763937945,0.1444332799859529,0.09471754717511323,0.3898455686707929,0.1081473461554937,-0.2693974227414643,0.6708704814811135,0.8478599460924698,3.0
0.1444332799859529,0.09471754717511323,0.3898455686707929,0.1081473461554937,-0.2693974227414643,0.6708704814811135,-0.690561741985268,1.6399451225410115,6.0
0.09471754717511323,0.3898455686707929,0.1081473461554937,-0.2693974227414643,0.6708704814811135,-0.690561741985268,0.5577544510447374,1.6399451225410115,5.0
0.3898455686707929,0.1081473461554937,-0.2693974227414643,0.6708704814811135,-0.690561741985268,0.5577544510447374,-0.2987864814857929,1.6399451225410115,4.0
0.1081473461554937,-0.2693974227414643,0.6708704814811135,-0.690561741985268,0.5577544510447374,-0.2987864814857929,0.8478599460924698,1.6399451225410115,3.0
-0.2693974227414643,0.6708704814811135,-0.690561741985268,0.5577544510447374,-0.2987864814857929,0.8478599460924698,-0.32573706724452406,1.6399451225410115,2.0
0.6708704814811135,-0.690561741985268,0.5577544510447374,-0.2987864814857929,0.8478599460924698,-0.32573706724452406,-0.6505271108784425,1.6399451225410115,1.0
-0.690561741985268,0.5577544510447374,-0.2987864814857929,0.8478599460924698,-0.32573706724452406,-0.6505271108784425,0.30115066320958034,1.6399451225410115,0.0
0.5577544510447374,-0.2987864814857929,0.8478599460924698,-0.32573706724452406,-0.6505271108784425,0.30115066320958034,1.6399451225410115,0.670033393739789,4.0
-0.2987864814857929,0.8478599460924698,-0.32573706724452406,-0.6505271108784425,0.30115066320958034,1.6399451225410115,-0.330286457143027,0.670033393739789,3.0
0.8478599460924698,-0.32573706724452406,-0.6505271108784425,0.30115066320958034,1.6399451225410115,-0.330286457143027,0.6084528520736538,0.670033393739789,2.0
-0.32573706724452406,-0.6505271108784425,0.30115066320958034,1.6399451225410115,-0.330286457143027,0.6084528520736538,0.12872878605632088,0.670033393739789,1.0
-0.6505271108784425,0.30115066320958034,1.6399451225410115,-0.330286457143027,0.6084528520736538,0.12872878605632088,-0.26071718681512074,0.670033393739789,0.0
0.30115066320958034,1.6399451225410115,-0.330286457143027,0.6084528520736538,0.12872878605632088,-0.26071718681512074,0.670033393739789,0.4697874479672856,0.0
1.6399451225410115,-0.330286457143027,0.6084528520736538,0.12872878605632088,-0.26071718681512074,0.670033393739789,0.4697874479672856,0.3365631141795269,5.0
-0.330286457143027,0.6084528520736538,0.12872878605632088,-0.26071718681512074,0.670033393739789,0.4697874479672856,0.277020699187921,0.3365631141795269,4.0
0.6084528520736538,0.12872878605632088,-0.26071718681512074,0.670033393739789,0.4697874479672856,0.277020699187921,-0.7281579001064958,0.3365631141795269,3.0
0.12872878605632088,-0.26071718681512074,0.670033393739789,0.4697874479672856,0.277020699187921,-0.7281579001064958,-0.6471969574727384,0.3365631141795269,2.0
-0.26071718681512074,0.670033393739789,0.4697874479672856,0.277020699187921,-0.7281579001064958,-0.6471969574727384,0.04895068479617412,0.3365631141795269,1.0
0.670033393739789,0.4697874479672856,0.277020699187921,-0.7281579001064958,-0.6471969574727384,0.04895068479617412,-0.5618867980960122,0.3365631141795269,0.0
0.4697874479672856,0.277020699187921,-0.7281579001064958,-0.6471969574727384,0.04895068479617412,-0.5618867980960122,0.3365631141795269,-0.4228938379169519,0.0
0.277020699187921,-0.7281579001064958,-0.6471969574727384,0.04895068479617412,-0.5618867980960122,0.3365631141795269,-0.4228938379169519,-0.6766042137766611,6.0
-0.7281579001064958,-0.6471969574727384,0.04895068479617412,-0.5618867980960122,0.3365631141795269,-0.4228938379169519,-0.8675330090370306,-0.28018857558071314,6.0
-0.6471969574727384,0.04895068479617412,-0.5618867980960122,0.3365631141795269,-0.4228938379169519,-0.8675330090370306,-0.805242762546729,0.022109284395007117,6.0
0.04895068479617412,-0.5618867980960122,0.3365631141795269,-0.4228938379169519,-0.8675330090370306,-0.805242762546729,-0.680971628079224,0.46911413826230725,6.0
-0.5618867980960122,0.3365631141795269,-0.4228938379169519,-0.8675330090370306,-0.805242762546729,-0.680971628079224,-0.7066665822259683,0.46911413826230725,5.0
0.3365631141795269,-0.4228938379169519,-0.8675330090370306,-0.805242762546729,-0.680971628079224,-0.7066665822259683,-0.8643666336676724,0.46911413826230725,4.0
-0.4228938379169519,-0.8675330090370306,-0.805242762546729,-0.680971628079224,-0.7066665822259683,-0.8643666336676724,-0.9334081747673524,0.46911413826230725,3.0
-0.8675330090370306,-0.805242762546729,-0.680971628079224,-0.7066665822259683,-0.8643666336676724,-0.9334081747673524,-0.6766042137766611,0.46911413826230725,2.0
-0.805242762546729,-0.680971628079224,-0.7066665822259683,-0.8643666336676724,-0.9334081747673524,-0.6766042137766611,-0.28018857558071314,0.46911413826230725,1.0
-0.680971628079224,-0.7066665822259683,-0.8643666336676724,-0.9334081747673524,-0.6766042137766611,-0.28018857558071314,0.022109284395007117,0.46911413826230725,0.0
-0.7066665822259683,-0.8643666336676724,-0.9334081747673524,-0.6766042137766611,-0.28018857558071314,0.022109284395007117,0.46911413826230725,-0.4479700750374998,0.0
-0.8643666336676724,-0.9334081747673524,-0.6766042137766611,-0.28018857558071314,0.022109284395007117,0.46911413826230725,-0.4479700750374998,0.3772892525509249,6.0
-0.9334081747673524,-0.6766042137766611,-0.28018857558071314,0.022109284395007117,0.46911413826230725,-0.4479700750374998,-0.6093278359576003,0.3772892525509249,5.0
-0.6766042137766611,-0.28018857558071314,0.022109284395007117,0.46911413826230725,-0.4479700750374998,-0.6093278359576003,-0.9276941410548327,0.3772892525509249,4.0
-0.28018857558071314,0.022109284395007117,0.46911413826230725,-0.4479700750374998,-0.6093278359576003,-0.9276941410548327,-1.0061256229050226,0.3772892525509249,3.0
0.022109284395007117,0.46911413826230725,-0.4479700750374998,-0.6093278359576003,-0.9276941410548327,-1.0061256229050226,-0.7331258338756611,0.3772892525509249,2.0
0.46911413826230725,-0.4479700750374998,-0.6093278359576003,-0.9276941410548327,-1.0061256229050226,-0.7331258338756611,-0.7898294295706011,0.3772892525509249,1.0
-0.4479700750374998,-0.6093278359576003,-0.9276941410548327,-1.0061256229050226,-0.7331258338756611,-0.7898294295706011,-0.7434802452846537,0.3772892525509249,0.0
-0.6093278359576003,-0.9276941410548327,-1.0061256229050226,-0.7331258338756611,-0.7898294295706011,-0.7434802452846537,0.3772892525509249,0.23987948005654353,4.0
-0.9276941410548327,-1.0061256229050226,-0.7331258338756611,-0.7898294295706011,-0.7434802452846537,0.3772892525509249,-0.5963165808478821,0.23987948005654353,3.0
-1.0061256229050226,-0.7331258338756611,-0.7898294295706011,-0.7434802452846537,0.3772892525509249,-0.5963165808478821,-0.2754026174074881,0.23987948005654353,2.0
-0.7331258338756611,-0.7898294295706011,-0.7434802452846537,0.3772892525509249,-0.5963165808478821,-0.2754026174074881,-0.6357142973689172,0.23987948005654353,1.0
-0.7898294295706011,-0.7434802452846537,0.3772892525509249,-0.5963165808478821,-0.2754026174074881,-0.6357142973689172,-0.26068079169593283,0.23987948005654353,0.0
-0.7434802452846537,0.3772892525509249,-0.5963165808478821,-0.2754026174074881,-0.6357142973689172,-0.26068079169593283,0.23987948005654353,-0.13722854741015836,0.0
0.3772892525509249,-0.5963165808478821,-0.2754026174074881,-0.6357142973689172,-0.26068079169593283,0.23987948005654353,-0.13722854741015836,-0.38558884074922817,5.0
-0.5963165808478821,-0.2754026174074881,-0.6357142973689172,-0.26068079169593283,0.23987948005654353,-0.13722854741015836,-0.4457863678862184,-0.38558884074922817,4.0
-0.2754026174074881,-0.6357142973689172,-0.26068079169593283,0.23987948005654353,-0.13722854741015836,-0.4457863678862184,-0.9359740306701081,-0.38558884074922817,3.0
-0.6357142973689172,-0.26068079169593283,0.23987948005654353,-0.13722854741015836,-0.4457863678862184,-0.9359740306701081,-1.0152971929404044,-0.38558884074922817,2.0
-0.26068079169593283,0.23987948005654353,-0.13722854741015836,-0.4457863678862184,-0.9359740306701081,-1.0152971929404044,-0.5893469155233757,-0.38558884074922817,1.0
0.23987948005654353,-0.13722854741015836,-0.4457863678862184,-0.9359740306701081,-1.0152971929404044,-0.5893469155233757,-0.6091276628020663,-0.38558884074922817,0.0
-0.13722854741015836,-0.4457863678862184,-0.9359740306701081,-1.0152971929404044,-0.5893469155233757,-0.6091276628020663,-0.38558884074922817,-0.4556312476265787,0.0
-0.4457863678862184,-0.9359740306701081,-1.0152971929404044,-0.5893469155233757,-0.6091276628020663,-0.38558884074922817,-0.4556312476265787,-0.46462053877336046,6.0
-0.9359740306701081,-1.0152971929404044,-0.5893469155233757,-0.6091276628020663,-0.38558884074922817,-0.4556312476265787,-0.7816769228724839,-0.46462053877336046,5.0
-1.0152971929404044,-0.5893469155233757,-0.6091276628020663,-0.38558884074922817,-0.4556312476265787,-0.7816769228724839,-0.9428709057562383,-0.46462053877336046,4.0
-0.5893469155233757,-0.6091276628020663,-0.38558884074922817,-0.4556312476265787,-0.7816769228724839,-0.9428709057562383,-1.0187729268228607,-0.46462053877336046,3.0
-0.6091276628020663,-0.38558884074922817,-0.4556312476265787,-0.7816769228724839,-0.9428709057562383,-1.0187729268228607,-1.0217937217154667,-0.46462053877336046,2.0
-0.38558884074922817,-0.4556312476265787,-0.7816769228724839,-0.9428709057562383,-1.0187729268228607,-1.0217937217154667,-1.0212113998084584,-0.46462053877336046,1.0
-0.4556312476265787,-0.7816769228724839,-0.9428709057562383,-1.0187729268228607,-1.0217937217154667,-1.0212113998084584,-1.0235588849960857,-0.46462053877336046,0.0
-0.7816769228724839,-0.9428709057562383,-1.0187729268228607,-1.0217937217154667,-1.0212113998084584,-1.0235588849960857,-0.46462053877336046,-0.46535177737637984,6.0
-0.9428709057562383,-1.0187729268228607,-1.0217937217154667,-1.0212113998084584,-1.0235588849960857,-0.46462053877336046,-0.7730491565763032,-0.46535177737637984,5.0
-1.0187729268228607,-1.0217937217154667,-1.0212113998084584,-1.0235588849960857,-0.46462053877336046,-0.7730491565763032,-0.9510109774552997,-0.46535177737637984,4.0
-1.0217937217154667,-1.0212113998084584,-1.0235588849960857,-0.46462053877336046,-0.7730491565763032,-0.9510109774552997,-1.0235594915814055,-0.46535177737637984,3.0
-1.0212113998084584,-1.0235588849960857,-0.46462053877336046,-0.7730491565763032,-0.9510109774552997,-1.0235594915814055,-1.0185745734232858,-0.46535177737637984,2.0
-1.0235588849960857,-0.46462053877336046,-0.7730491565763032,-0.9510109774552997,-1.0235594915814055,-1.0185745734232858,-1.0216639124570293,-0.46535177737637984,1.0
-0.46462053877336046,-0.7730491565763032,-0.9510109774552997,-1.0235594915814055,-1.0185745734232858,-1.0216639124570293,-1.0199915567303397,-0.46535177737637984,0.0
-0.7730491565763032,-0.9510109774552997,-1.0235594915814055,-1.0185745734232858,-1.0216639124570293,-1.0199915567303397,-0.46535177737637984,-0.7730491565763032,0.0
-0.9510109774552997,-1.0235594915814055,-1.0185745734232858,-1.0216639124570293,-1.0199915567303397,-0.46535177737637984,-0.7730491565763032,-0.8452446380462851,5.0
-1.0235594915814055,-1.0185745734232858,-1.0216639124570293,-1.0199915567303397,-0.46535177737637984,-0.7730491565763032,-0.9510109774552997,-0.8452446380462851,4.0
-1.0185745734232858,-1.0216639124570293,-1.0199915567303397,-0.46535177737637984,-0.7730491565763032,-0.9510109774552997,-1.0235594915814055,-0.8452446380462851,3.0
-1.0216639124570293,-1.0199915567303397,-0.46535177737637984,-0.7730491565763032,-0.9510109774552997,-1.0235594915814055,-1.0185745734232858,-0.8451612325648126,6.0
-1.0199915567303397,-0.46535177737637984,-0.7730491565763032,-0.9510109774552997,-1.0235594915814055,-1.0185745734232858,-1.0216639124570293,-0.8451612325648126,5.0
-0.46535177737637984,-0.7730491565763032,-0.9510109774552997,-1.0235594915814055,-1.0185745734232858,-1.0216639124570293,-0.8544644316145911,-0.8441782610540761,6.0
-0.7730491565763032,-0.9510109774552997,-1.0235594915814055,-1.0185745734232858,-1.0216639124570293,-0.8544644316145911,-0.8452446380462851,-0.8441782610540761,5.0
-0.9510109774552997,-1.0235594915814055,-1.0185745734232858,-1.0216639124570293,-0.8544644316145911,-0.8452446380462851,-0.849283889690836,-0.8441782610540761,4.0
-1.0235594915814055,-1.0185745734232858,-1.0216639124570293,-0.8544644316145911,-0.8452446380462851,-0.849283889690836,-0.851426045747711,-0.8441782610540761,3.0
-1.0185745734232858,-1.0216639124570293,-0.8544644316145911,-0.8452446380462851,-0.849283889690836,-0.851426045747711,-0.8597019925584076,-0.8441782610540761,2.0
-1.0216639124570293,-0.8544644316145911,-0.8452446380462851,-0.849283889690836,-0.851426045747711,-0.8597019925584076,-0.8451612325648126,-0.8441782610540761,1.0
-0.8544644316145911,-0.8452446380462851,-0.849283889690836,-0.851426045747711,-0.8597019925584076,-0.8451612325648126,-0.8514548585504015,-0.8441782610540761,0.0
-0.8452446380462851,-0.849283889690836,-0.851426045747711,-0.8597019925584076,-0.8451612325648126,-0.8514548585504015,-0.8441782610540761,-0.8441782610540761,6.0
-0.849283889690836,-0.851426045747711,-0.8597019925584076,-0.8451612325648126,-0.8514548585504015,-0.8441782610540761,-0.8514451531852846,-0.8441782610540761,5.0
-0.851426045747711,-0.8597019925584076,-0.8451612325648126,-0.8514548585504015,-0.8441782610540761,-0.8514451531852846,-0.849283889690836,-0.8441782610540761,4.0
-0.8597019925584076,-0.8451612325648126,-0.8514548585504015,-0.8441782610540761,-0.8514451531852846,-0.849283889690836,-0.851426045747711,-0.8441782610540761,3.0
-0.8451612325648126,-0.8514548585504015,-0.8441782610540761,-0.8514451531852846,-0.849283889690836,-0.851426045747711,-0.8597019925584076,-0.8441782610540761,2.0
-0.8514548585504015,-0.8441782610540761,-0.8514451531852846,-0.849283889690836,-0.851426045747711,-0.8597019925584076,-0.8451612325648126,-0.8441782610540761,1.0
-0.8441782610540761,-0.8514451531852846,-0.849283889690836,-0.851426045747711,-0.8597019925584076,-0.8451612325648126,-0.8514548585504015,-0.8441782610540761,0.0
-0.8514451531852846,-0.849283889690836,-0.851426045747711,-0.8597019925584076,-0.8451612325648126,-0.8514548585504015,-0.8441782610540761,-0.8441782610540761,6.0
-0.849283889690836,-0.851426045747711,-0.8597019925584076,-0.8451612325648126,-0.8514548585504015,-0.8441782610540761,-0.8514451531852846,-0.8441782610540761,5.0
-0.851426045747711,-0.8597019925584076,-0.8451612325648126,-0.8514548585504015,-0.8441782610540761,-0.8514451531852846,-0.849283889690836,-0.8441782610540761,4.0
-0.8597019925584076,-0.8451612325648126,-0.8514548585504015,-0.8441782610540761,-0.8514451531852846,-0.849283889690836,-0.851426045747711,-0.8441782610540761,3.0
-0.8451612325648126,-0.8514548585504015,-0.8441782610540761,-0.8514451531852846,-0.849283889690836,-0.851426045747711,-0.8597019925584076,-0.8441782610540761,2.0
-0.8514548585504015,-0.8441782610540761,-0.8514451531852846,-0.849283889690836,-0.851426045747711,-0.8597019925584076,-0.8451612325648126,-0.8441782610540761,1.0
-0.8441782610540761,-0.8514451531852846,-0.849283889690836,-0.851426045747711,-0.8597019925584076,-0.8451612325648126,-0.8514548585504015,-0.8441782610540761,0.0
-0.8514451531852846,-0.849283889690836,-0.851426045747711,-0.8597019925584076,-0.8451612325648126,-0.8514548585504015,-0.8441782610540761,-0.8441782610540761,6.0
-0.849283889690836,-0.851426045747711,-0.8597019925584076,-0.8451612325648126,-0.8514548585504015,-0.8441782610540761,-0.8514451531852846,-0.8441782610540761,5.0
-0.851426045747711,-0.8597019925584076,-0.8451612325648126,-0.8514548585504015,-0.8441782610540761,-0.8514451531852846,-0.849283889690836,-0.8441782610540761,4.0
-0.8597019925584076,-0.8451612325648126,-0.8514548585504015,-0.8441782610540761,-0.8514451531852846,-0.849283889690836,-0.851426045747711,-0.8441782610540761,3.0
-0.8451612325648126,-0.8514548585504015,-0.8441782610540761,-0.8514451531852846,-0.849283889690836,-0.851426045747711,-0.8597019925584076,-0.8441782610540761,2.0
-0.8514548585504015,-0.8441782610540761,-0.8514451531852846,-0.849283889690836,-0.851426045747711,-0.8597019925584076,-0.8451612325648126,-0.8441782610540761,1.0
-0.8441782610540761,-0.8514451531852846,-0.849283889690836,-0.851426045747711,-0.8597019925584076,-0.8451612325648126,-0.8514548585504015,-0.8441782610540761,0.0
-0.8452446380462851,-0.849283889690836,-0.851426045747711,-0.8597019925584076,-0.8451612325648126,-0.8514548585504015,-0.8441782610540761,-0.725282685690642,6.0
-0.849283889690836,-0.851426045747711,-0.8597019925584076,-0.8451612325648126,-0.8514548585504015,-0.8441782610540761,-0.8514451531852846,-0.725282685690642,5.0
-0.851426045747711,-0.8597019925584076,-0.8451612325648126,-0.8514548585504015,-0.8441782610540761,-0.8514451531852846,-0.849283889690836,-0.725282685690642,4.0
-0.8597019925584076,-0.8451612325648126,-0.8514548585504015,-0.8441782610540761,-0.8514451531852846,-0.849283889690836,-0.851426045747711,-0.4830913650539421,6.0
-0.8451612325648126,-0.8514548585504015,-0.8441782610540761,-0.8514451531852846,-0.849283889690836,-0.851426045747711,-0.8597019925584076,-0.4830913650539421,5.0
-0.8514548585504015,-0.8441782610540761,-0.8514451531852846,-0.849283889690836,-0.851426045747711,-0.8597019925584076,-0.8307141900031269,-0.4830913650539421,4.0
-0.8441782610540761,-0.8514451531852846,-0.849283889690836,-0.851426045747711,-0.8597019925584076,-0.8307141900031269,-0.7765998037457547,-0.4830913650539421,3.0
-0.8514451531852846,-0.849283889690836,-0.851426045747711,-0.8597019925584076,-0.8307141900031269,-0.7765998037457547,-0.725282685690642,-0.4830913650539421,2.0
-0.849283889690836,-0.851426045747711,-0.8597019925584076,-0.8307141900031269,-0.7765998037457547,-0.725282685690642,-0.8493718445622069,-0.4830913650539421,1.0
-0.851426045747711,-0.8597019925584076,-0.8307141900031269,-0.7765998037457547,-0.725282685690642,-0.8493718445622069,-0.8460234935969089,-0.4830913650539421,0.0
-0.8597019925584076,-0.8307141900031269,-0.7765998037457547,-0.725282685690642,-0.8493718445622069,-0.8460234935969089,-0.4830913650539421,-0.6357506924881052,0.0
-0.8307141900031269,-0.7765998037457547,-0.725282685690642,-0.8493718445622069,-0.8460234935969089,-0.4830913650539421,-0.6357506924881052,-0.8424203767972945,6.0
-0.7765998037457547,-0.725282685690642,-0.8493718445622069,-0.8460234935969089,-0.4830913650539421,-0.6357506924881052,-0.8495902152773351,-0.8424203767972945,5.0
-0.725282685690642,-0.8493718445622069,-0.8460234935969089,-0.4830913650539421,-0.6357506924881052,-0.8495902152773351,-0.8814723396860433,-0.49933905613745533,6.0
-0.8493718445622069,-0.8460234935969089,-0.4830913650539421,-0.6357506924881052,-0.8495902152773351,-0.8814723396860433,-1.0227399948143552,-0.49933905613745533,5.0
-0.8460234935969089,-0.4830913650539421,-0.6357506924881052,-0.8495902152773351,-0.8814723396860433,-1.0227399948143552,-1.0242321947010642,-0.49933905613745533,4.0
-0.4830913650539421,-0.6357506924881052,-0.8495902152773351,-0.8814723396860433,-1.0227399948143552,-1.0242321947010642,-1.0201468425722087,-0.49933905613745533,3.0
-0.6357506924881052,-0.8495902152773351,-0.8814723396860433,-1.0227399948143552,-1.0242321947010642,-1.0201468425722087,-1.0259427653029014,-0.49933905613745533,2.0
-0.8495902152773351,-0.8814723396860433,-1.0227399948143552,-1.0242321947010642,-1.0201468425722087,-1.0259427653029014,-0.8424203767972945,-0.49933905613745533,1.0
-0.8814723396860433,-1.0227399948143552,-1.0242321947010642,-1.0201468425722087,-1.0259427653029014,-0.8424203767972945,-0.8480461523457833,-0.49933905613745533,0.0
-1.0227399948143552,-1.0242321947010642,-1.0201468425722087,-1.0259427653029014,-0.8424203767972945,-0.8480461523457833,-0.49933905613745533,-0.64983560361387,0.0
-1.0242321947010642,-1.0201468425722087,-1.0259427653029014,-0.8424203767972945,-0.8480461523457833,-0.49933905613745533,-0.64983560361387,-0.7411873527758082,0.0
-1.0201468425722087,-1.0259427653029014,-0.8424203767972945,-0.8480461523457833,-0.49933905613745533,-0.64983560361387,-0.7411873527758082,-0.7597488635617,1.0
-1.0259427653029014,-0.8424203767972945,-0.8480461523457833,-0.49933905613745533,-0.64983560361387,-0.7411873527758082,-0.8443493181142598,-0.7597488635617,0.0
-0.8424203767972945,-0.8480461523457833,-0.49933905613745533,-0.64983560361387,-0.7411873527758082,-0.8443493181142598,-0.7597488635617,-0.7874091541445976,1.0
-0.8480461523457833,-0.49933905613745533,-0.64983560361387,-0.7411873527758082,-0.8443493181142598,-0.7597488635617,-0.7887193784353664,-0.572459580220133,6.0
-0.49933905613745533,-0.64983560361387,-0.7411873527758082,-0.8443493181142598,-0.7597488635617,-0.7887193784353664,-0.7874091541445976,-0.5490393210226401,6.0
-0.64983560361387,-0.7411873527758082,-0.8443493181142598,-0.7597488635617,-0.7887193784353664,-0.7874091541445976,-0.8031682407530116,-0.5490393210226401,5.0
-0.7411873527758082,-0.8443493181142598,-0.7597488635617,-0.7887193784353664,-0.7874091541445976,-0.8031682407530116,-0.8119212669177311,-0.5490393210226401,4.0
-0.8443493181142598,-0.7597488635617,-0.7887193784353664,-0.7874091541445976,-0.8031682407530116,-0.8119212669177311,-0.8253146707789237,-0.5490393210226401,3.0
-0.7597488635617,-0.7887193784353664,-0.7874091541445976,-0.8031682407530116,-0.8119212669177311,-0.8253146707789237,-0.9100789033678297,-0.5490393210226401,2.0
-0.7887193784353664,-0.7874091541445976,-0.8031682407530116,-0.8119212669177311,-0.8253146707789237,-0.9100789033678297,-1.0175718878896558,-0.5490393210226401,1.0
-0.7874091541445976,-0.8031682407530116,-0.8119212669177311,-0.8253146707789237,-0.9100789033678297,-1.0175718878896558,-0.572459580220133,-0.5490393210226401,0.0
-0.8031682407530116,-0.8119212669177311,-0.8253146707789237,-0.9100789033678297,-1.0175718878896558,-0.572459580220133,-0.5490393210226401,-0.45788774501623614,6.0
-0.8119212669177311,-0.8253146707789237,-0.9100789033678297,-1.0175718878896558,-0.572459580220133,-0.5490393210226401,-0.671636280007496,-0.45788774501623614,5.0
-0.8253146707789237,-0.9100789033678297,-1.0175718878896558,-0.572459580220133,-0.5490393210226401,-0.671636280007496,-0.7674646288295608,-0.45788774501623614,4.0
-0.9100789033678297,-1.0175718878896558,-0.572459580220133,-0.5490393210226401,-0.671636280007496,-0.7674646288295608,-0.8672236505239322,-0.4518643527906182,6.0
-0.5593209421932567,-0.849244461645049,-0.8456959375242166,-0.8725373379253838,-0.9643622236367662,-0.8376708137432576,-0.9864540609838962,-0.7528701860351636,0.0
-0.849244461645049,-0.8456959375242166,-0.8725373379253838,-0.9643622236367662,-0.8376708137432576,-0.9864540609838962,-0.7528701860351636,-0.824350200120441,1.0
-0.8456959375242166,-0.8725373379253838,-0.9643622236367662,-0.8376708137432576,-0.9864540609838962,-0.7528701860351636,-0.8480980153906262,-0.824350200120441,0.0
-0.8725373379253838,-0.9643622236367662,-0.8376708137432576,-0.9864540609838962,-0.7528701860351636,-0.8480980153906262,-0.824350200120441,-0.6426657651338296,6.0
-0.9643622236367662,-0.8376708137432576,-0.9864540609838962,-0.7528701860351636,-0.8480980153906262,-0.824350200120441,-0.8480616202714382,-0.6426657651338296,5.0
-0.8376708137432576,-0.9864540609838962,-0.7528701860351636,-0.8480980153906262,-0.824350200120441,-0.8480616202714382,-0.9527521806157867,-0.6426657651338296,4.0
-0.9864540609838962,-0.7528701860351636,-0.8480980153906262,-0.824350200120441,-0.8480616202714382,-0.9527521806157867,-0.9010347162496058,-0.6426657651338296,3.0
-0.7528701860351636,-0.8480980153906262,-0.824350200120441,-0.8480616202714382,-0.9527521806157867,-0.9010347162496058,-0.9068579353196896,-0.6426657651338296,2.0
-0.8480980153906262,-0.824350200120441,-0.8480616202714382,-0.9527521806157867,-0.9010347162496058,-0.9068579353196896,-0.898214094512534,-0.6426657651338296,1.0
-0.824350200120441,-0.8480616202714382,-0.9527521806157867,-0.9010347162496058,-0.9068579353196896,-0.898214094512534,-0.939140406039466,-0.6426657651338296,0.0
-0.8480616202714382,-0.9527521806157867,-0.9010347162496058,-0.9068579353196896,-0.898214094512534,-0.939140406039466,-0.6426657651338296,-0.8087730891079672,0.0
-0.9527521806157867,-0.9010347162496058,-0.9068579353196896,-0.898214094512534,-0.939140406039466,-0.6426657651338296,-0.8087730891079672,-0.8385260990441761,6.0
-0.9010347162496058,-0.9068579353196896,-0.898214094512534,-0.939140406039466,-0.6426657651338296,-0.8087730891079672,-0.9729878668843276,-0.8385260990441761,5.0
-0.9068579353196896,-0.898214094512534,-0.939140406039466,-0.6426657651338296,-0.8087730891079672,-0.9729878668843276,-0.9263475216448759,-0.8385260990441761,4.0
-0.898214094512534,-0.939140406039466,-0.6426657651338296,-0.8087730891079672,-0.9729878668843276,-0.9263475216448759,-0.9223622560937874,-0.8385260990441761,3.0
-0.939140406039466,-0.6426657651338296,-0.8087730891079672,-0.9729878668843276,-0.9263475216448759,-0.9223622560937874,-0.9101880887253937,-0.8385260990441761,2.0
-0.6426657651338296,-0.8087730891079672,-0.9729878668843276,-0.9263475216448759,-0.9223622560937874,-0.9101880887253937,-0.918740941734579,-0.8385260990441761,1.0
-0.8087730891079672,-0.9729878668843276,-0.9263475216448759,-0.9223622560937874,-0.9101880887253937,-0.918740941734579,-0.9807400272713765,-0.6405002555421422,6.0
-0.9729878668843276,-0.9263475216448759,-0.9223622560937874,-0.9101880887253937,-0.918740941734579,-0.9807400272713765,-0.8385260990441761,-0.6405002555421422,5.0
-0.9263475216448759,-0.9223622560937874,-0.9101880887253937,-0.918740941734579,-0.9807400272713765,-0.8385260990441761,-0.91071581795362,-0.6405002555421422,4.0
-0.9223622560937874,-0.9101880887253937,-0.918740941734579,-0.9807400272713765,-0.8385260990441761,-0.91071581795362,-0.9724419400965072,-0.6405002555421422,3.0
-0.9101880887253937,-0.918740941734579,-0.9807400272713765,-0.8385260990441761,-0.91071581795362,-0.9724419400965072,-0.9502591149514071,-0.6405002555421422,2.0
-0.918740941734579,-0.9807400272713765,-0.8385260990441761,-0.91071581795362,-0.9724419400965072,-0.9502591149514071,-0.948384766313224,-0.6405002555421422,1.0
-0.9807400272713765,-0.8385260990441761,-0.91071581795362,-0.9724419400965072,-0.9502591149514071,-0.948384766313224,-0.9268570533135082,-0.6405002555421422,0.0
-0.8558501757776751,-0.7717774504533417,-0.6868494398280897,-0.5311147248225387,-0.599264585502112,-0.6201735814756313,-0.0982311772001915,0.46643909700198755,5.0
-0.7717774504533417,-0.6868494398280897,-0.5311147248225387,-0.599264585502112,-0.6201735814756313,-0.0982311772001915,-0.5575739764722315,0.46643909700198755,4.0
-0.6868494398280897,-0.5311147248225387,-0.599264585502112,-0.6201735814756313,-0.0982311772001915,-0.5575739764722315,-0.06092618003246767,0.5562076584792467,6.0
-0.5311147248225387,-0.599264585502112,-0.6201735814756313,-0.0982311772001915,-0.5575739764722315,-0.06092618003246767,-0.030518057950874523,0.5562076584792467,5.0
-0.599264585502112,-0.6201735814756313,-0.0982311772001915,-0.5575739764722315,-0.06092618003246767,-0.030518057950874523,0.2984392268300727,0.5562076584792467,4.0
-0.6201735814756313,-0.0982311772001915,-0.5575739764722315,-0.06092618003246767,-0.030518057950874523,0.2984392268300727,0.3810743449464793,0.5562076584792467,3.0
-0.0982311772001915,-0.5575739764722315,-0.06092618003246767,-0.030518057950874523,0.2984392268300727,0.3810743449464793,0.46643909700198755,0.5562076584792467,2.0
-0.5575739764722315,-0.06092618003246767,-0.030518057950874523,0.2984392268300727,0.3810743449464793,0.46643909700198755,-0.443620858294531,0.5562076584792467,1.0
-0.06092618003246767,-0.030518057950874523,0.2984392268300727,0.3810743449464793,0.46643909700198755,-0.443620858294531,0.06806722114968322,0.5562076584792467,0.0
-0.030518057950874523,0.2984392268300727,0.3810743449464793,0.46643909700198755,-0.443620858294531,0.06806722114968322,0.5562076584792467,0.015721940977509074,1.0
0.2984392268300727,0.3810743449464793,0.46643909700198755,-0.443620858294531,0.06806722114968322,0.5562076584792467,-0.2570958724559125,0.015721940977509074,0.0
0.3810743449464793,0.46643909700198755,-0.443620858294531,0.06806722114968322,0.5562076584792467,-0.2570958724559125,0.015721940977509074,0.16506931256556198,6.0
0.46643909700198755,-0.443620858294531,0.06806722114968322,0.5562076584792467,-0.2570958724559125,0.015721940977509074,-0.0702069354254137,0.2729444458388624,6.0
-0.443620858294531,0.06806722114968322,0.5562076584792467,-0.2570958724559125,0.015721940977509074,-0.0702069354254137,-0.3369649615140292,0.2729444458388624,5.0
0.06806722114968322,0.5562076584792467,-0.2570958724559125,0.015721940977509074,-0.0702069354254137,-0.3369649615140292,-0.5277663738572406,0.6023748671692539,6.0
0.5562076584792467,-0.2570958724559125,0.015721940977509074,-0.0702069354254137,-0.3369649615140292,-0.5277663738572406,-0.24945289742642757,2.6712736149720233,6.0
-0.2570958724559125,0.015721940977509074,-0.0702069354254137,-0.3369649615140292,-0.5277663738572406,-0.24945289742642757,-0.005168857436416224,2.6712736149720233,5.0
0.015721940977509074,-0.0702069354254137,-0.3369649615140292,-0.5277663738572406,-0.24945289742642757,-0.005168857436416224,0.0018008078880901262,2.6712736149720233,4.0
-0.0702069354254137,-0.3369649615140292,-0.5277663738572406,-0.24945289742642757,-0.005168857436416224,0.0018008078880901262,0.16506931256556198,2.6712736149720233,3.0
-0.3369649615140292,-0.5277663738572406,-0.24945289742642757,-0.005168857436416224,0.0018008078880901262,0.16506931256556198,0.2729444458388624,2.6712736149720233,2.0
-0.5277663738572406,-0.24945289742642757,-0.005168857436416224,0.0018008078880901262,0.16506931256556198,0.2729444458388624,-0.0954833457014957,2.6712736149720233,1.0
-0.24945289742642757,-0.005168857436416224,0.0018008078880901262,0.16506931256556198,0.2729444458388624,-0.0954833457014957,0.6023748671692539,2.6712736149720233,0.0
-0.005168857436416224,0.0018008078880901262,0.16506931256556198,0.2729444458388624,-0.0954833457014957,0.6023748671692539,2.6712736149720233,2.5894209919181588,2.0
0.0018008078880901262,0.16506931256556198,0.2729444458388624,-0.0954833457014957,0.6023748671692539,2.6712736149720233,1.0089265460590664,2.5894209919181588,1.0
0.16506931256556198,0.2729444458388624,-0.0954833457014957,0.6023748671692539,2.6712736149720233,1.0089265460590664,2.4385450253242094,2.5894209919181588,0.0
0.2729444458388624,-0.0954833457014957,0.6023748671692539,2.6712736149720233,1.0089265460590664,2.4385450253242094,2.5894209919181588,1.6434572515426555,5.0
-0.0954833457014957,0.6023748671692539,2.6712736149720233,1.0089265460590664,2.4385450253242094,2.5894209919181588,1.1222791447701643,1.6434572515426555,4.0
0.6023748671692539,2.6712736149720233,1.0089265460590664,2.4385450253242094,2.5894209919181588,1.1222791447701643,1.2893691369623788,1.6434572515426555,3.0
2.6712736149720233,1.0089265460590664,2.4385450253242094,2.5894209919181588,1.1222791447701643,1.2893691369623788,0.5246894852624185,1.6434572515426555,2.0
1.0089265460590664,2.4385450253242094,2.5894209919181588,1.1222791447701643,1.2893691369623788,0.5246894852624185,1.1996915632830898,1.6434572515426555,1.0
2.4385450253242094,2.5894209919181588,1.1222791447701643,1.2893691369623788,0.5246894852624185,1.1996915632830898,0.9420869096702619,1.6434572515426555,0.0
2.5894209919181588,1.1222791447701643,1.2893691369623788,0.5246894852624185,1.1996915632830898,0.9420869096702619,1.6434572515426555,1.3345536774343096,0.0
1.1222791447701643,1.2893691369623788,0.5246894852624185,1.1996915632830898,0.9420869096702619,1.6434572515426555,1.3345536774343096,1.060007095839457,2.0
1.2893691369623788,0.5246894852624185,1.1996915632830898,0.9420869096702619,1.6434572515426555,1.3345536774343096,0.7539605385873704,1.060007095839457,1.0
0.5246894852624185,1.1996915632830898,0.9420869096702619,1.6434572515426555,1.3345536774343096,0.7539605385873704,1.0042315756838116,2.3819324174272394,6.0
1.1996915632830898,0.9420869096702619,1.6434572515426555,1.3345536774343096,0.7539605385873704,1.0042315756838116,1.060007095839457,2.3819324174272394,5.0
0.9420869096702619,1.6434572515426555,1.3345536774343096,0.7539605385873704,1.0042315756838116,1.060007095839457,0.753541994716708,2.3819324174272394,4.0
1.6434572515426555,1.3345536774343096,0.7539605385873704,1.0042315756838116,1.060007095839457,0.753541994716708,0.7716667640723436,2.3819324174272394,3.0
1.3345536774343096,0.7539605385873704,1.0042315756838116,1.060007095839457,0.753541994716708,0.7716667640723436,-0.19413231626063243,2.3819324174272394,2.0
0.7539605385873704,1.0042315756838116,1.060007095839457,0.753541994716708,0.7716667640723436,-0.19413231626063243,0.4251306367235812,2.3819324174272394,1.0
1.0042315756838116,1.060007095839457,0.753541994716708,0.7716667640723436,-0.19413231626063243,0.4251306367235812,0.7154727000460358,2.3819324174272394,0.0
1.060007095839457,0.753541994716708,0.7716667640723436,-0.19413231626063243,0.4251306367235812,0.7154727000460358,2.3819324174272394,2.361860509195045,0.0
0.753541994716708,0.7716667640723436,-0.19413231626063243,0.4251306367235812,0.7154727000460358,2.3819324174272394,2.361860509195045,1.8743478876714745,5.0
0.7716667640723436,-0.19413231626063243,0.4251306367235812,0.7154727000460358,2.3819324174272394,2.361860509195045,1.0453580603662775,1.8743478876714745,4.0
-0.19413231626063243,0.4251306367235812,0.7154727000460358,2.3819324174272394,2.361860509195045,1.0453580603662775,0.5795733249979573,1.8743478876714745,3.0
0.4251306367235812,0.7154727000460358,2.3819324174272394,2.361860509195045,1.0453580603662775,0.5795733249979573,1.3742971475876309,1.8743478876714745,2.0
0.7154727000460358,2.3819324174272394,2.361860509195045,1.0453580603662775,0.5795733249979573,1.3742971475876309,1.6146323171457415,1.8743478876714745,1.0
2.3819324174272394,2.361860509195045,1.0453580603662775,0.5795733249979573,1.3742971475876309,1.6146323171457415,1.018189103892418,1.8743478876714745,0.0
2.361860509195045,1.0453580603662775,0.5795733249979573,1.3742971475876309,1.6146323171457415,1.018189103892418,1.8743478876714745,2.1379031432715445,6.0
1.0453580603662775,0.5795733249979573,1.3742971475876309,1.6146323171457415,1.018189103892418,1.8743478876714745,1.4053967769337963,2.1379031432715445,5.0
0.5795733249979573,1.3742971475876309,1.6146323171457415,1.018189103892418,1.8743478876714745,1.4053967769337963,1.6906799186891157,2.1379031432715445,4.0
1.3742971475876309,1.6146323171457415,1.018189103892418,1.8743478876714745,1.4053967769337963,1.6906799186891157,1.2325927510290626,2.1379031432715445,3.0
1.6146323171457415,1.018189103892418,1.8743478876714745,1.4053967769337963,1.6906799186891157,1.2325927510290626,1.4954746969241535,2.1379031432715445,2.0
1.018189103892418,1.8743478876714745,1.4053967769337963,1.6906799186891157,1.2325927510290626,1.4954746969241535,1.3593933462801355,2.1379031432715445,1.0
1.8743478876714745,1.4053967769337963,1.6906799186891157,1.2325927510290626,1.4954746969241535,1.3593933462801355,1.5806210782645338,2.169767070120658,6.0
1.4053967769337963,1.6906799186891157,1.2325927510290626,1.4954746969241535,1.3593933462801355,1.5806210782645338,2.1379031432715445,2.169767070120658,5.0
1.6906799186891157,1.2325927510290626,1.4954746969241535,1.3593933462801355,1.5806210782645338,2.1379031432715445,0.28242537438734255,2.169767070120658,4.0
1.2325927510290626,1.4954746969241535,1.3593933462801355,1.5806210782645338,2.1379031432715445,0.28242537438734255,1.744963238958052,2.169767070120658,3.0
1.4954746969241535,1.3593933462801355,1.5806210782645338,2.1379031432715445,0.28242537438734255,1.744963238958052,0.490860221977151,2.169767070120658,2.0
1.3593933462801355,1.5806210782645338,2.1379031432715445,0.28242537438734255,1.744963238958052,0.490860221977151,0.8615809060263548,2.169767070120658,1.0
1.5806210782645338,2.1379031432715445,0.28242537438734255,1.744963238958052,0.490860221977151,0.8615809060263548,1.1267739419898852,2.169767070120658,0.0
2.1379031432715445,0.28242537438734255,1.744963238958052,0.490860221977151,0.8615809060263548,1.1267739419898852,2.169767070120658,1.4480700541817533,0.0
0.28242537438734255,1.744963238958052,0.490860221977151,0.8615809060263548,1.1267739419898852,2.169767070120658,1.4480700541817533,1.3613404851566946,5.0
1.744963238958052,0.490860221977151,0.8615809060263548,1.1267739419898852,2.169767070120658,1.4480700541817533,0.2898135835825113,1.3613404851566946,4.0
0.490860221977151,0.8615809060263548,1.1267739419898852,2.169767070120658,1.4480700541817533,0.2898135835825113,0.8095904782662636,1.4588794045805964,6.0
0.8615809060263548,1.1267739419898852,2.169767070120658,1.4480700541817533,0.2898135835825113,0.8095904782662636,1.1314143196863584,1.6215473897914658,6.0
1.1267739419898852,2.169767070120658,1.4480700541817533,0.2898135835825113,0.8095904782662636,1.1314143196863584,0.5562440535984345,1.6215473897914658,5.0
2.169767070120658,1.4480700541817533,0.2898135835825113,0.8095904782662636,1.1314143196863584,0.5562440535984345,0.7809839145844774,1.6215473897914658,4.0
1.4480700541817533,0.2898135835825113,0.8095904782662636,1.1314143196863584,0.5562440535984345,0.7809839145844774,1.3613404851566946,1.6215473897914658,3.0
0.2898135835825113,0.8095904782662636,1.1314143196863584,0.5562440535984345,0.7809839145844774,1.3613404851566946,0.7465723293922018,1.6277345600534296,6.0
0.8095904782662636,1.1314143196863584,0.5562440535984345,0.7809839145844774,1.3613404851566946,0.7465723293922018,0.7134709684906945,1.6277345600534296,5.0
1.1314143196863584,0.5562440535984345,0.7809839145844774,1.3613404851566946,0.7465723293922018,0.7134709684906945,1.4588794045805964,1.6277345600534296,4.0
0.5562440535984345,0.7809839145844774,1.3613404851566946,0.7465723293922018,0.7134709684906945,1.4588794045805964,1.6215473897914658,2.121488944517746,6.0
0.7809839145844774,1.3613404851566946,0.7465723293922018,0.7134709684906945,1.4588794045805964,1.6215473897914658,1.4331480553146643,2.531971296279865,6.0
1.3613404851566946,0.7465723293922018,0.7134709684906945,1.4588794045805964,1.6215473897914658,1.4331480553146643,0.47291742821745564,2.531971296279865,5.0
0.7465723293922018,0.7134709684906945,1.4588794045805964,1.6215473897914658,1.4331480553146643,0.47291742821745564,1.2277158050578674,2.531971296279865,4.0
0.7134709684906945,1.4588794045805964,1.6215473897914658,1.4331480553146643,0.47291742821745564,1.2277158050578674,1.6277345600534296,2.531971296279865,3.0
1.4588794045805964,1.6215473897914658,1.4331480553146643,0.47291742821745564,1.2277158050578674,1.6277345600534296,0.3508300009012321,2.531971296279865,2.0
1.6215473897914658,1.4331480553146643,0.47291742821745564,1.2277158050578674,1.6277345600534296,0.3508300009012321,1.3807390836839106,2.531971296279865,1.0
1.4331480553146643,0.47291742821745564,1.2277158050578674,1.6277345600534296,0.3508300009012321,1.3807390836839106,2.121488944517746,2.531971296279865,0.0
0.47291742821745564,1.2277158050578674,1.6277345600534296,0.3508300009012321,1.3807390836839106,2.121488944517746,2.531971296279865,2.4237504093742777,1.0
1.2277158050578674,1.6277345600534296,0.3508300009012321,1.3807390836839106,2.121488944517746,2.531971296279865,2.1181587911120414,2.4237504093742777,0.0
1.6277345600534296,0.3508300009012321,1.3807390836839106,2.121488944517746,2.531971296279865,2.1181587911120414,2.4237504093742777,2.3668648380833974,5.0
0.3508300009012321,1.3807390836839106,2.121488944517746,2.531971296279865,2.1181587911120414,2.4237504093742777,1.2593795587514478,2.3668648380833974,4.0
1.3807390836839106,2.121488944517746,2.531971296279865,2.1181587911120414,2.4237504093742777,1.2593795587514478,1.4143208601586996,2.3668648380833974,3.0
2.121488944517746,2.531971296279865,2.1181587911120414,2.4237504093742777,1.2593795587514478,1.4143208601586996,0.5333685080181225,2.3668648380833974,2.0
2.531971296279865,2.1181587911120414,2.4237504093742777,1.2593795587514478,1.4143208601586996,0.5333685080181225,1.0927081104298957,2.3668648380833974,1.0
2.1181587911120414,2.4237504093742777,1.2593795587514478,1.4143208601586996,0.5333685080181225,1.0927081104298957,1.0168788796016492,2.3668648380833974,0.0
2.4237504093742777,1.2593795587514478,1.4143208601586996,0.5333685080181225,1.0927081104298957,1.0168788796016492,2.3668648380833974,1.1332340756457595,1.0
1.2593795587514478,1.4143208601586996,0.5333685080181225,1.0927081104298957,1.0168788796016492,2.3668648380833974,0.5609026288545015,1.1332340756457595,0.0
1.4143208601586996,0.5333685080181225,1.0927081104298957,1.0168788796016492,2.3668648380833974,0.5609026288545015,1.1332340756457595,1.0769490238214818,3.0
0.5333685080181225,1.0927081104298957,1.0168788796016492,2.3668648380833974,0.5609026288545015,1.1332340756457595,0.6632093088920347,1.5150734686069043,6.0
1.0927081104298957,1.0168788796016492,2.3668648380833974,0.5609026288545015,1.1332340756457595,0.6632093088920347,0.13988389008744984,1.5150734686069043,5.0
1.0168788796016492,2.3668648380833974,0.5609026288545015,1.1332340756457595,0.6632093088920347,0.13988389008744984,1.0453216652470896,1.5150734686069043,4.0
2.3668648380833974,0.5609026288545015,1.1332340756457595,0.6632093088920347,0.13988389008744984,1.0453216652470896,1.0769490238214818,1.5150734686069043,3.0
0.5609026288545015,1.1332340756457595,0.6632093088920347,0.13988389008744984,1.0453216652470896,1.0769490238214818,0.4377779406414193,1.5150734686069043,2.0
1.1332340756457595,0.6632093088920347,0.13988389008744984,1.0453216652470896,1.0769490238214818,0.4377779406414193,-0.7215339884142757,1.5150734686069043,1.0
0.6632093088920347,0.13988389008744984,1.0453216652470896,1.0769490238214818,0.4377779406414193,-0.7215339884142757,1.034803475801751,1.5150734686069043,0.0
0.13988389008744984,1.0453216652470896,1.0769490238214818,0.4377779406414193,-0.7215339884142757,1.034803475801751,1.5150734686069043,0.9657255395828828,1.0
1.0453216652470896,1.0769490238214818,0.4377779406414193,-0.7215339884142757,1.034803475801751,1.5150734686069043,0.11000349723408287,0.9657255395828828,0.0
1.0769490238214818,0.4377779406414193,-0.7215339884142757,1.034803475801751,1.5150734686069043,0.11000349723408287,0.9657255395828828,0.4483689203251339,0.0
0.4377779406414193,-0.7215339884142757,1.034803475801751,1.5150734686069043,0.11000349723408287,0.9657255395828828,0.4483689203251339,0.4350119115831295,5.0
-0.7215339884142757,1.034803475801751,1.5150734686069043,0.11000349723408287,0.9657255395828828,0.4483689203251339,0.09531806664171551,0.9087489804940329,6.0
1.034803475801751,1.5150734686069043,0.11000349723408287,0.9657255395828828,0.4483689203251339,0.09531806664171551,0.24228155792295306,0.9087489804940329,5.0
1.5150734686069043,0.11000349723408287,0.9657255395828828,0.4483689203251339,0.09531806664171551,0.24228155792295306,-0.07353708883111783,0.9087489804940329,4.0
0.11000349723408287,0.9657255395828828,0.4483689203251339,0.09531806664171551,0.24228155792295306,-0.07353708883111783,0.3386012408540562,1.2441663989308538,6.0
0.9657255395828828,0.4483689203251339,0.09531806664171551,0.24228155792295306,-0.07353708883111783,0.3386012408540562,-0.3754164049361757,1.2441663989308538,5.0
0.4483689203251339,0.09531806664171551,0.24228155792295306,-0.07353708883111783,0.3386012408540562,-0.3754164049361757,0.4350119115831295,1.2441663989308538,4.0
0.09531806664171551,0.24228155792295306,-0.07353708883111783,0.3386012408540562,-0.3754164049361757,0.4350119115831295,0.20708747766813462,1.2441663989308538,3.0
0.24228155792295306,-0.07353708883111783,0.3386012408540562,-0.3754164049361757,0.4350119115831295,0.20708747766813462,0.9087489804940329,1.2441663989308538,2.0
-0.07353708883111783,0.3386012408540562,-0.3754164049361757,0.4350119115831295,0.20708747766813462,0.9087489804940329,0.75940160890598,1.7520602871997168,6.0
0.3386012408540562,-0.3754164049361757,0.4350119115831295,0.20708747766813462,0.9087489804940329,0.75940160890598,0.7556165165104253,1.7520602871997168,5.0
-0.3754164049361757,0.4350119115831295,0.20708747766813462,0.9087489804940329,0.75940160890598,0.7556165165104253,1.2441663989308538,1.7520602871997168,4.0
0.4350119115831295,0.20708747766813462,0.9087489804940329,0.75940160890598,0.7556165165104253,1.2441663989308538,0.7156000829631938,1.7520602871997168,3.0
0.20708747766813462,0.9087489804940329,0.75940160890598,0.7556165165104253,1.2441663989308538,0.7156000829631938,1.144971501583897,1.7520602871997168,2.0
0.9087489804940329,0.75940160890598,0.7556165165104253,1.2441663989308538,0.7156000829631938,1.144971501583897,0.707866120135739,1.7520602871997168,1.0
0.75940160890598,0.7556165165104253,1.2441663989308538,0.7156000829631938,1.144971501583897,0.707866120135739,0.46714880182615404,1.7520602871997168,0.0
0.7556165165104253,1.2441663989308538,0.7156000829631938,1.144971501583897,0.707866120135739,0.46714880182615404,1.7520602871997168,1.2127756086311838,2.0
1.2441663989308538,0.7156000829631938,1.144971501583897,0.707866120135739,0.46714880182615404,1.7520602871997168,0.04407373882497896,1.2127756086311838,1.0
0.7156000829631938,1.144971501583897,0.707866120135739,0.46714880182615404,1.7520602871997168,0.04407373882497896,0.240752962917056,1.2127756086311838,0.0
1.144971501583897,0.707866120135739,0.46714880182615404,1.7520602871997168,0.04407373882497896,0.240752962917056,1.2127756086311838,0.49910371647323826,0.0
0.707866120135739,0.46714880182615404,1.7520602871997168,0.04407373882497896,0.240752962917056,1.2127756086311838,0.49910371647323826,0.08041426533422007,3.0
0.46714880182615404,1.7520602871997168,0.04407373882497896,0.240752962917056,1.2127756086311838,0.49910371647323826,-0.13184206977033078,0.08041426533422007,2.0
1.7520602871997168,0.04407373882497896,0.240752962917056,1.2127756086311838,0.49910371647323826,-0.13184206977033078,-0.06853275994276467,0.08041426533422007,1.0
0.04407373882497896,0.240752962917056,1.2127756086311838,0.49910371647323826,-0.13184206977033078,-0.06853275994276467,-0.41643370426107773,0.35419654942612416,6.0
0.240752962917056,1.2127756086311838,0.49910371647323826,-0.13184206977033078,-0.06853275994276467,-0.41643370426107773,0.08041426533422007,0.35419654942612416,5.0
1.2127756086311838,0.49910371647323826,-0.13184206977033078,-0.06853275994276467,-0.41643370426107773,0.08041426533422007,-0.13326147941866381,0.35419654942612416,4.0
0.49910371647323826,-0.13184206977033078,-0.06853275994276467,-0.41643370426107773,0.08041426533422007,-0.13326147941866381,-0.0728273840069513,0.35419654942612416,3.0
-0.13184206977033078,-0.06853275994276467,-0.41643370426107773,0.08041426533422007,-0.13326147941866381,-0.0728273840069513,-0.6988234340409493,0.35419654942612416,2.0
-0.06853275994276467,-0.41643370426107773,0.08041426533422007,-0.13326147941866381,-0.0728273840069513,-0.6988234340409493,-0.28171717058661006,0.35419654942612416,1.0
-0.41643370426107773,0.08041426533422007,-0.13326147941866381,-0.0728273840069513,-0.6988234340409493,-0.28171717058661006,-0.5365194000219602,0.5226331610282953,6.0
0.08041426533422007,-0.13326147941866381,-0.0728273840069513,-0.6988234340409493,-0.28171717058661006,-0.5365194000219602,0.35419654942612416,0.5226331610282953,5.0
-0.13326147941866381,-0.0728273840069513,-0.6988234340409493,-0.28171717058661006,-0.5365194000219602,0.35419654942612416,-0.6645210342062374,0.5226331610282953,4.0
-0.0728273840069513,-0.6988234340409493,-0.28171717058661006,-0.5365194000219602,0.35419654942612416,-0.6645210342062374,-0.5596121031467608,1.128211549197812,6.0
-0.6988234340409493,-0.28171717058661006,-0.5365194000219602,0.35419654942612416,-0.6645210342062374,-0.5596121031467608,-0.9149922444582127,1.128211549197812,5.0
-0.28171717058661006,-0.5365194000219602,0.35419654942612416,-0.6645210342062374,-0.5596121031467608,-0.9149922444582127,-0.7271206392096372,1.128211549197812,4.0
-0.5365194000219602,0.35419654942612416,-0.6645210342062374,-0.5596121031467608,-0.9149922444582127,-0.7271206392096372,-0.24299276377055343,1.128211549197812,3.0
0.35419654942612416,-0.6645210342062374,-0.5596121031467608,-0.9149922444582127,-0.7271206392096372,-0.24299276377055343,0.5226331610282953,1.128211549197812,2.0
-0.6645210342062374,-0.5596121031467608,-0.9149922444582127,-0.7271206392096372,-0.24299276377055343,0.5226331610282953,-0.5922039323796355,1.128211549197812,1.0
-0.5596121031467608,-0.9149922444582127,-0.7271206392096372,-0.24299276377055343,0.5226331610282953,-0.5922039323796355,-0.43066419586359483,1.128211549197812,0.0
-0.9149922444582127,-0.7271206392096372,-0.24299276377055343,0.5226331610282953,-0.5922039323796355,-0.43066419586359483,1.128211549197812,0.9951691910059934,3.0
-0.7271206392096372,-0.24299276377055343,0.5226331610282953,-0.5922039323796355,-0.43066419586359483,1.128211549197812,0.38638803234793057,0.9951691910059934,2.0
-0.24299276377055343,0.5226331610282953,-0.5922039323796355,-0.43066419586359483,1.128211549197812,0.38638803234793057,0.5761521837942831,0.9951691910059934,1.0
0.5226331610282953,-0.5922039323796355,-0.43066419586359483,1.128211549197812,0.38638803234793057,0.5761521837942831,-0.28743120429912977,0.9951691910059934,0.0
-0.5922039323796355,-0.43066419586359483,1.128211549197812,0.38638803234793057,0.5761521837942831,-0.28743120429912977,0.9951691910059934,0.8762117439399402,2.0
-0.43066419586359483,1.128211549197812,0.38638803234793057,0.5761521837942831,-0.28743120429912977,0.9951691910059934,-0.46718669796877604,0.8762117439399402,1.0
1.128211549197812,0.38638803234793057,0.5761521837942831,-0.28743120429912977,0.9951691910059934,-0.46718669796877604,-0.15646336790102858,0.8762117439399402,0.0
0.38638803234793057,0.5761521837942831,-0.28743120429912977,0.9951691910059934,-0.46718669796877604,-0.15646336790102858,0.8762117439399402,0.6020291135369676,2.0
0.5761521837942831,-0.28743120429912977,0.9951691910059934,-0.46718669796877604,-0.15646336790102858,0.8762117439399402,0.3678811142408209,0.6020291135369676,1.0
-0.28743120429912977,0.9951691910059934,-0.46718669796877604,-0.15646336790102858,0.8762117439399402,0.3678811142408209,0.2574765201839527,0.6020291135369676,0.0
0.9951691910059934,-0.46718669796877604,-0.15646336790102858,0.8762117439399402,0.3678811142408209,0.2574765201839527,0.6020291135369676,0.24797739407587857,2.0
-0.46718669796877604,-0.15646336790102858,0.8762117439399402,0.3678811142408209,0.2574765201839527,0.6020291135369676,-1.031820577051767,0.24797739407587857,1.0
-0.15646336790102858,0.8762117439399402,0.3678811142408209,0.2574765201839527,0.6020291135369676,-1.031820577051767,-0.9605771312412117,0.24797739407587857,0.0
0.8762117439399402,0.3678811142408209,0.2574765201839527,0.6020291135369676,-1.031820577051767,-0.9605771312412117,0.24797739407587857,0.22692281762560731,6.0
0.3678811142408209,0.2574765201839527,0.6020291135369676,-1.031820577051767,-0.9605771312412117,0.24797739407587857,-0.47502984615379495,0.22692281762560731,5.0
0.2574765201839527,0.6020291135369676,-1.031820577051767,-0.9605771312412117,0.24797739407587857,-0.47502984615379495,-0.7241726345554074,0.22692281762560731,4.0
0.6020291135369676,-1.031820577051767,-0.9605771312412117,0.24797739407587857,-0.47502984615379495,-0.7241726345554074,-0.6672142730261511,0.22692281762560731,3.0
-1.031820577051767,-0.9605771312412117,0.24797739407587857,-0.47502984615379495,-0.7241726345554074,-0.6672142730261511,0.22239162528669845,0.22692281762560731,2.0
-0.9605771312412117,0.24797739407587857,-0.47502984615379495,-0.7241726345554074,-0.6672142730261511,0.22239162528669845,-0.6517645449308354,0.22692281762560731,1.0
0.24797739407587857,-0.47502984615379495,-0.7241726345554074,-0.6672142730261511,0.22239162528669845,-0.6517645449308354,-0.9200875611445359,0.22692281762560731,0.0
-0.47502984615379495,-0.7241726345554074,-0.6672142730261511,0.22239162528669845,-0.6517645449308354,-0.9200875611445359,0.22692281762560731,-0.1470188344717364,6.0
-0.7241726345554074,-0.6672142730261511,0.22239162528669845,-0.6517645449308354,-0.9200875611445359,0.22692281762560731,-0.35703686974622395,-0.1470188344717364,5.0
-0.6672142730261511,0.22239162528669845,-0.6517645449308354,-0.9200875611445359,0.22692281762560731,-0.35703686974622395,-0.4236035427411183,-0.1470188344717364,4.0
0.22239162528669845,-0.6517645449308354,-0.9200875611445359,0.22692281762560731,-0.35703686974622395,-0.4236035427411183,-0.9331898040522243,-0.1470188344717364,3.0
-0.6517645449308354,-0.9200875611445359,0.22692281762560731,-0.35703686974622395,-0.4236035427411183,-0.9331898040522243,-0.8596170706136356,-0.1470188344717364,2.0
-0.9200875611445359,0.22692281762560731,-0.35703686974622395,-0.4236035427411183,-0.9331898040522243,-0.8596170706136356,-0.8354871065919761,-0.1470188344717364,1.0
0.22692281762560731,-0.35703686974622395,-0.4236035427411183,-0.9331898040522243,-0.8596170706136356,-0.8354871065919761,-0.8512461932003902,2.1483485424785065,6.0
-0.35703686974622395,-0.4236035427411183,-0.9331898040522243,-0.8596170706136356,-0.8354871065919761,-0.8512461932003902,-0.1470188344717364,2.1483485424785065,5.0
-0.4236035427411183,-0.9331898040522243,-0.8596170706136356,-0.8354871065919761,-0.8512461932003902,-0.1470188344717364,-0.8036231797428618,2.1483485424785065,4.0
-0.9331898040522243,-0.8596170706136356,-0.8354871065919761,-0.8512461932003902,-0.1470188344717364,-0.8036231797428618,-0.7509048495990104,2.1483485424785065,3.0
-0.8596170706136356,-0.8354871065919761,-0.8512461932003902,-0.1470188344717364,-0.8036231797428618,-0.7509048495990104,-0.616734242712363,2.1483485424785065,2.0
-0.8354871065919761,-0.8512461932003902,-0.1470188344717364,-0.8036231797428618,-0.7509048495990104,-0.616734242712363,-0.9737885595064639,2.1483485424785065,1.0
-0.8512461932003902,-0.1470188344717364,-0.8036231797428618,-0.7509048495990104,-0.616734242712363,-0.9737885595064639,-0.2587700479385615,2.1483485424785065,0.0
-0.1470188344717364,-0.8036231797428618,-0.7509048495990104,-0.616734242712363,-0.9737885595064639,-0.2587700479385615,2.1483485424785065,0.251635103554275,3.0
-0.8036231797428618,-0.7509048495990104,-0.616734242712363,-0.9737885595064639,-0.2587700479385615,2.1483485424785065,-0.3792742875701061,0.251635103554275,2.0
-0.7509048495990104,-0.616734242712363,-0.9737885595064639,-0.2587700479385615,2.1483485424785065,-0.3792742875701061,-0.0062789085716509286,0.251635103554275,1.0
-0.616734242712363,-0.9737885595064639,-0.2587700479385615,2.1483485424785065,-0.3792742875701061,-0.0062789085716509286,-0.31960448966134225,0.251635103554275,0.0
-0.9737885595064639,-0.2587700479385615,2.1483485424785065,-0.3792742875701061,-0.0062789085716509286,-0.31960448966134225,0.251635103554275,-0.2540568800037125,6.0
-0.2587700479385615,2.1483485424785065,-0.3792742875701061,-0.0062789085716509286,-0.31960448966134225,0.251635103554275,-0.6828095815982191,0.20312040967664008,6.0
2.1483485424785065,-0.3792742875701061,-0.0062789085716509286,-0.31960448966134225,0.251635103554275,-0.6828095815982191,-0.7686656677627656,0.20312040967664008,5.0
-0.3792742875701061,-0.0062789085716509286,-0.31960448966134225,0.251635103554275,-0.6828095815982191,-0.7686656677627656,-0.7519239129362751,0.20312040967664008,4.0
-0.0062789085716509286,-0.31960448966134225,0.251635103554275,-0.6828095815982191,-0.7686656677627656,-0.7519239129362751,-0.9582114484939901,0.20312040967664008,3.0
-0.31960448966134225,0.251635103554275,-0.6828095815982191,-0.7686656677627656,-0.7519239129362751,-0.9582114484939901,-0.8065711843970917,0.20312040967664008,2.0
0.251635103554275,-0.6828095815982191,-0.7686656677627656,-0.7519239129362751,-0.9582114484939901,-0.8065711843970917,-0.9916403654681895,0.20312040967664008,1.0
-0.6828095815982191,-0.7686656677627656,-0.7519239129362751,-0.9582114484939901,-0.8065711843970917,-0.9916403654681895,-0.2540568800037125,0.20312040967664008,0.0
-0.7686656677627656,-0.7519239129362751,-0.9582114484939901,-0.8065711843970917,-0.9916403654681895,-0.2540568800037125,0.20312040967664008,-0.5563183448602447,5.0
-0.7519239129362751,-0.9582114484939901,-0.8065711843970917,-0.9916403654681895,-0.2540568800037125,0.20312040967664008,-0.843257464538619,-0.5563183448602447,4.0
-0.9582114484939901,-0.8065711843970917,-0.9916403654681895,-0.2540568800037125,0.20312040967664008,-0.843257464538619,-0.9273665849821405,-0.5087135289623104,6.0
-0.8065711843970917,-0.9916403654681895,-0.2540568800037125,0.20312040967664008,-0.843257464538619,-0.9273665849821405,-1.049326629381206,-0.5087135289623104,5.0
-0.9916403654681895,-0.2540568800037125,0.20312040967664008,-0.843257464538619,-0.9273665849821405,-1.049326629381206,-0.7163658814895764,-0.5087135289623104,4.0
-0.2540568800037125,0.20312040967664008,-0.843257464538619,-0.9273665849821405,-1.049326629381206,-0.7163658814895764,-0.7937964975620956,-0.5087135289623104,3.0
0.20312040967664008,-0.843257464538619,-0.9273665849821405,-1.049326629381206,-0.7163658814895764,-0.7937964975620956,-0.5563183448602447,-0.5087135289623104,2.0
-0.843257464538619,-0.9273665849821405,-1.049326629381206,-0.7163658814895764,-0.7937964975620956,-0.5563183448602447,-0.8901707731719809,-0.5087135289623104,1.0
-0.9273665849821405,-1.049326629381206,-0.7163658814895764,-0.7937964975620956,-0.5563183448602447,-0.8901707731719809,-1.0403006398225765,-0.5087135289623104,0.0
-1.049326629381206,-0.7163658814895764,-0.7937964975620956,-0.5563183448602447,-0.8901707731719809,-1.0403006398225765,-0.5087135289623104,-1.0046334230183136,4.0
-0.7163658814895764,-0.7937964975620956,-0.5563183448602447,-0.8901707731719809,-1.0403006398225765,-0.5087135289623104,-1.0387538472570854,-1.0046334230183136,3.0
-0.7937964975620956,-0.5563183448602447,-0.8901707731719809,-1.0403006398225765,-0.5087135289623104,-1.0387538472570854,-1.0296186723408915,-1.0046334230183136,2.0
-0.5563183448602447,-0.8901707731719809,-1.0403006398225765,-0.5087135289623104,-1.0387538472570854,-1.0296186723408915,-1.0091828129168166,-0.9418700399785678,6.0
-0.8901707731719809,-1.0403006398225765,-0.5087135289623104,-1.0387538472570854,-1.0296186723408915,-1.0091828129168166,-1.0092738007147866,-0.9098605326527014,6.0
-1.0403006398225765,-0.5087135289623104,-1.0387538472570854,-1.0296186723408915,-1.0091828129168166,-1.0092738007147866,-1.0046334230183136,-0.8088276817867492,6.0
-0.5087135289623104,-1.0387538472570854,-1.0296186723408915,-1.0091828129168166,-1.0092738007147866,-1.0046334230183136,-1.006653352133249,-0.7669368996013346,6.0
-1.0387538472570854,-1.0296186723408915,-1.0091828129168166,-1.0092738007147866,-1.0046334230183136,-1.006653352133249,-1.0060710302262406,-0.748757537566917,6.0
-1.0296186723408915,-1.0091828129168166,-1.0092738007147866,-1.0046334230183136,-1.006653352133249,-1.0060710302262406,-1.006726142371625,-0.748757537566917,5.0
-1.0091828129168166,-1.0092738007147866,-1.0046334230183136,-1.006653352133249,-1.0060710302262406,-1.006726142371625,-1.0102018762540812,-0.748757537566917,4.0
-1.0092738007147866,-1.0046334230183136,-1.006653352133249,-1.0060710302262406,-1.006726142371625,-1.0102018762540812,-0.9418700399785678,-0.748757537566917,3.0
-1.0046334230183136,-1.006653352133249,-1.0060710302262406,-1.006726142371625,-1.0102018762540812,-0.9418700399785678,-0.9098605326527014,-0.748757537566917,2.0
-1.006653352133249,-1.0060710302262406,-1.006726142371625,-1.0102018762540812,-0.9418700399785678,-0.9098605326527014,-0.8088276817867492,-0.748757537566917,1.0
-1.0060710302262406,-1.006726142371625,-1.0102018762540812,-0.9418700399785678,-0.9098605326527014,-0.8088276817867492,-0.7669368996013346,-0.748757537566917,0.0
-1.006726142371625,-1.0102018762540812,-0.9418700399785678,-0.9098605326527014,-0.8088276817867492,-0.7669368996013346,-0.748757537566917,-0.7728693040289824,3.0
-1.0102018762540812,-0.9418700399785678,-0.9098605326527014,-0.8088276817867492,-0.7669368996013346,-0.748757537566917,-0.8951751020603341,-0.765936033823664,6.0
-0.9418700399785678,-0.9098605326527014,-0.8088276817867492,-0.7669368996013346,-0.748757537566917,-0.8951751020603341,-0.909169025388129,-0.765936033823664,5.0
-0.9098605326527014,-0.8088276817867492,-0.7669368996013346,-0.748757537566917,-0.8951751020603341,-0.909169025388129,-0.9377573915103212,-0.765936033823664,4.0
-0.8088276817867492,-0.7669368996013346,-0.748757537566917,-0.8951751020603341,-0.909169025388129,-0.9377573915103212,-0.7728693040289824,-0.765936033823664,3.0
-0.7669368996013346,-0.748757537566917,-0.8951751020603341,-0.909169025388129,-0.9377573915103212,-0.7728693040289824,-0.8002384336583758,-0.765936033823664,2.0
-0.748757537566917,-0.8951751020603341,-0.909169025388129,-0.9377573915103212,-0.7728693040289824,-0.8002384336583758,-0.9320615553573955,-0.765936033823664,1.0
-0.8951751020603341,-0.909169025388129,-0.9377573915103212,-0.7728693040289824,-0.8002384336583758,-0.9320615553573955,-0.8617825802053228,-0.765936033823664,0.0
-0.909169025388129,-0.9377573915103212,-0.7728693040289824,-0.8002384336583758,-0.9320615553573955,-0.8617825802053228,-0.765936033823664,-0.863383965449596,4.0
-0.9377573915103212,-0.7728693040289824,-0.8002384336583758,-0.9320615553573955,-0.8617825802053228,-0.765936033823664,-0.8995789114820849,-0.8471699398513315,6.0
-0.7728693040289824,-0.8002384336583758,-0.9320615553573955,-0.8617825802053228,-0.765936033823664,-0.8995789114820849,-0.9477296541678395,-0.8471699398513315,5.0
-0.8002384336583758,-0.9320615553573955,-0.8617825802053228,-0.765936033823664,-0.8995789114820849,-0.9477296541678395,-0.9065849719257794,-0.8471699398513315,4.0
-0.9320615553573955,-0.8617825802053228,-0.765936033823664,-0.8995789114820849,-0.9477296541678395,-0.9065849719257794,-0.9244185803279108,-0.8471699398513315,3.0
-0.8617825802053228,-0.765936033823664,-0.8995789114820849,-0.9477296541678395,-0.9065849719257794,-0.9244185803279108,-0.863383965449596,-0.8222574807671298,6.0
-0.765936033823664,-0.8995789114820849,-0.9477296541678395,-0.9065849719257794,-0.9244185803279108,-0.863383965449596,-0.9755537227870833,-0.8222574807671298,5.0
-0.8995789114820849,-0.9477296541678395,-0.9065849719257794,-0.9244185803279108,-0.863383965449596,-0.9755537227870833,-0.9598492288574513,-0.8222574807671298,4.0
-0.9477296541678395,-0.9065849719257794,-0.9244185803279108,-0.863383965449596,-0.9755537227870833,-0.9598492288574513,-0.8471699398513315,-0.7700850774110987,6.0
-0.9065849719257794,-0.9244185803279108,-0.863383965449596,-0.9755537227870833,-0.9598492288574513,-0.8471699398513315,-0.8569056342341278,-0.7700850774110987,5.0
-0.9244185803279108,-0.863383965449596,-0.9755537227870833,-0.9598492288574513,-0.8471699398513315,-0.8569056342341278,-0.9534800829995471,-0.7700850774110987,4.0
-0.863383965449596,-0.9755537227870833,-0.9598492288574513,-0.8471699398513315,-0.8569056342341278,-0.9534800829995471,-1.0259063701837132,-0.7700850774110987,3.0
-0.8603085778782079,-0.9029454600069771,-0.8054793308214511,-0.9197964001910318,-0.8639298922374162,-0.7066847797855623,-0.8224212588034759,-0.6096007993515106,5.0
-0.9029454600069771,-0.8054793308214511,-0.9197964001910318,-0.8639298922374162,-0.7066847797855623,-0.8224212588034759,-0.6187723693868924,-0.6096007993515106,4.0
-0.8054793308214511,-0.9197964001910318,-0.8639298922374162,-0.7066847797855623,-0.8224212588034759,-0.6187723693868924,-0.6170072061062732,-0.6096007993515106,3.0
-0.9197964001910318,-0.8639298922374162,-0.7066847797855623,-0.8224212588034759,-0.6187723693868924,-0.6170072061062732,-0.8371248869554373,-0.6096007993515106,2.0
-0.8639298922374162,-0.7066847797855623,-0.8224212588034759,-0.6187723693868924,-0.6170072061062732,-0.8371248869554373,-0.9652175089376847,-0.6096007993515106,1.0
-0.7066847797855623,-0.8224212588034759,-0.6187723693868924,-0.6170072061062732,-0.8371248869554373,-0.9652175089376847,-0.8903527487679209,-0.6096007993515106,0.0
-0.8224212588034759,-0.6187723693868924,-0.6170072061062732,-0.8371248869554373,-0.9652175089376847,-0.8903527487679209,-0.6096007993515106,-0.7593485172506318,2.0
-0.6187723693868924,-0.6170072061062732,-0.8371248869554373,-0.9652175089376847,-0.8903527487679209,-0.6096007993515106,-0.9339904966743607,-0.7593485172506318,1.0
-0.6170072061062732,-0.8371248869554373,-0.9652175089376847,-0.8903527487679209,-0.6096007993515106,-0.9339904966743607,-0.972205371821785,-0.7593485172506318,0.0
-0.8371248869554373,-0.9652175089376847,-0.8903527487679209,-0.6096007993515106,-0.9339904966743607,-0.972205371821785,-0.7593485172506318,-0.8372704674321892,4.0
-0.9652175089376847,-0.8903527487679209,-0.6096007993515106,-0.9339904966743607,-0.972205371821785,-0.7593485172506318,-0.9637890005095547,-0.8372704674321892,3.0
-0.8903527487679209,-0.6096007993515106,-0.9339904966743607,-0.972205371821785,-0.7593485172506318,-0.9637890005095547,-0.9506958563816634,-0.8372704674321892,2.0
-0.6096007993515106,-0.9339904966743607,-0.972205371821785,-0.7593485172506318,-0.9637890005095547,-0.9506958563816634,-0.9464558249962587,-0.8372704674321892,1.0
-0.9339904966743607,-0.972205371821785,-0.7593485172506318,-0.9637890005095547,-0.9506958563816634,-0.9464558249962587,-0.9396681352676924,-0.8372704674321892,0.0
-0.972205371821785,-0.7593485172506318,-0.9637890005095547,-0.9506958563816634,-0.9464558249962587,-0.9396681352676924,-0.8372704674321892,-0.8809628080174111,1.0
-0.7593485172506318,-0.9637890005095547,-0.9506958563816634,-0.9464558249962587,-0.9396681352676924,-0.8372704674321892,-0.8980139213569999,-0.8809628080174111,0.0
-0.9637890005095547,-0.9506958563816634,-0.9464558249962587,-0.9396681352676924,-0.8372704674321892,-0.8980139213569999,-0.8809628080174111,-0.6051787923701658,6.0
-0.9506958563816634,-0.9464558249962587,-0.9396681352676924,-0.8372704674321892,-0.8980139213569999,-0.8809628080174111,-1.0404098251801404,-0.6051787923701658,5.0
-0.9464558249962587,-0.9396681352676924,-0.8372704674321892,-0.8980139213569999,-0.8809628080174111,-1.0404098251801404,-1.0417382470305034,-0.6051787923701658,4.0
-0.9396681352676924,-0.8372704674321892,-0.8980139213569999,-0.8809628080174111,-1.0404098251801404,-1.0417382470305034,-1.0392997740449057,-0.6051787923701658,3.0
-0.8372704674321892,-0.8980139213569999,-0.8809628080174111,-1.0404098251801404,-1.0417382470305034,-1.0392997740449057,-1.041428888517405,-0.6051787923701658,2.0
-0.8980139213569999,-0.8809628080174111,-1.0404098251801404,-1.0417382470305034,-1.0392997740449057,-1.041428888517405,-0.9510598075735437,-0.6051787923701658,1.0
-0.8809628080174111,-1.0404098251801404,-1.0417382470305034,-1.0392997740449057,-1.041428888517405,-0.9510598075735437,-0.9589029557585627,-0.6051787923701658,0.0
-1.0404098251801404,-1.0417382470305034,-1.0392997740449057,-1.041428888517405,-0.9510598075735437,-0.9589029557585627,-0.6051787923701658,-0.8245867683951632,2.0
-1.0417382470305034,-1.0392997740449057,-1.041428888517405,-0.9510598075735437,-0.9589029557585627,-0.6051787923701658,-0.9798301492916759,-0.8245867683951632,1.0
-1.0392997740449057,-1.041428888517405,-0.9510598075735437,-0.9589029557585627,-0.6051787923701658,-0.9798301492916759,-0.9818500784066112,-0.8245867683951632,0.0
-1.041428888517405,-0.9510598075735437,-0.9589029557585627,-0.6051787923701658,-0.9798301492916759,-0.9818500784066112,-0.8245867683951632,-0.6269976663233856,6.0
-0.9510598075735437,-0.9589029557585627,-0.6051787923701658,-0.9798301492916759,-0.9818500784066112,-0.8245867683951632,-0.8779420131248051,-0.6269976663233856,5.0
-0.9589029557585627,-0.6051787923701658,-0.9798301492916759,-0.9818500784066112,-0.8245867683951632,-0.8779420131248051,-0.874812032874635,-0.6269976663233856,4.0
-0.6051787923701658,-0.9798301492916759,-0.9818500784066112,-0.8245867683951632,-0.8779420131248051,-0.874812032874635,-0.8568510415553457,-0.6269976663233856,3.0
-0.9798301492916759,-0.9818500784066112,-0.8245867683951632,-0.8779420131248051,-0.874812032874635,-0.8568510415553457,-0.8511916005216081,-0.6269976663233856,2.0
-0.9818500784066112,-0.8245867683951632,-0.8779420131248051,-0.874812032874635,-0.8568510415553457,-0.8511916005216081,-0.9604497483240536,-0.6269976663233856,1.0
-0.8245867683951632,-0.8779420131248051,-0.874812032874635,-0.8568510415553457,-0.8511916005216081,-0.9604497483240536,-1.0099653079793591,-0.6084179579778999,6.0
-0.8779420131248051,-0.874812032874635,-0.8568510415553457,-0.8511916005216081,-0.9604497483240536,-1.0099653079793591,-0.6269976663233856,-0.6084179579778999,5.0
-0.874812032874635,-0.8568510415553457,-0.8511916005216081,-0.9604497483240536,-1.0099653079793591,-0.6269976663233856,-0.879434213011514,-0.6084179579778999,4.0
-0.8568510415553457,-0.8511916005216081,-0.9604497483240536,-1.0099653079793591,-0.6269976663233856,-0.879434213011514,-0.9789384688715693,-0.6084179579778999,3.0
-0.8511916005216081,-0.9604497483240536,-1.0099653079793591,-0.6269976663233856,-0.879434213011514,-0.9789384688715693,-0.987545914559537,-0.6084179579778999,2.0
-0.9604497483240536,-1.0099653079793591,-0.6269976663233856,-0.879434213011514,-0.9789384688715693,-0.987545914559537,-0.8385260990441761,-0.6084179579778999,1.0
-1.0099653079793591,-0.6269976663233856,-0.879434213011514,-0.9789384688715693,-0.987545914559537,-0.8385260990441761,-0.8342678700991775,-0.6084179579778999,0.0
-0.6269976663233856,-0.879434213011514,-0.9789384688715693,-0.987545914559537,-0.8385260990441761,-0.8342678700991775,-0.6084179579778999,-0.8060616527284595,0.0
-0.879434213011514,-0.9789384688715693,-0.987545914559537,-0.8385260990441761,-0.8342678700991775,-0.6084179579778999,-0.8060616527284595,-0.8756855157351477,2.0
-0.9789384688715693,-0.987545914559537,-0.8385260990441761,-0.8342678700991775,-0.6084179579778999,-0.8060616527284595,-0.9740251277811862,-0.8756855157351477,1.0
-0.987545914559537,-0.8385260990441761,-0.8342678700991775,-0.6084179579778999,-0.8060616527284595,-0.9740251277811862,-0.8964307336723208,-0.8756855157351477,0.0
-0.8385260990441761,-0.8342678700991775,-0.6084179579778999,-0.8060616527284595,-0.9740251277811862,-0.8964307336723208,-0.8756855157351477,-0.8743570938847848,6.0
-0.8342678700991775,-0.6084179579778999,-0.8060616527284595,-0.9740251277811862,-0.8964307336723208,-0.8756855157351477,-0.9096603594971673,-0.8743570938847848,5.0
-0.6084179579778999,-0.8060616527284595,-0.9740251277811862,-0.8964307336723208,-0.8756855157351477,-0.9096603594971673,-0.9308059237454088,-0.7926864464268609,6.0
-0.8060616527284595,-0.9740251277811862,-0.8964307336723208,-0.8756855157351477,-0.9096603594971673,-0.9308059237454088,-1.01482405639096,-0.6941648587848823,6.0
-0.9740251277811862,-0.8964307336723208,-0.8756855157351477,-0.9096603594971673,-0.9308059237454088,-1.01482405639096,-0.8901707731719809,-0.6941648587848823,5.0
-0.8964307336723208,-0.8756855157351477,-0.9096603594971673,-0.9308059237454088,-1.01482405639096,-0.8901707731719809,-0.9338995088763906,-0.6941648587848823,4.0
-0.8756855157351477,-0.9096603594971673,-0.9308059237454088,-1.01482405639096,-0.8901707731719809,-0.9338995088763906,-0.9692391696079612,-0.6941648587848823,3.0
-0.9096603594971673,-0.9308059237454088,-1.01482405639096,-0.8901707731719809,-0.9338995088763906,-0.9692391696079612,-0.8743570938847848,-0.6941648587848823,2.0
-0.9308059237454088,-1.01482405639096,-0.8901707731719809,-0.9338995088763906,-0.9692391696079612,-0.8743570938847848,-0.9631065920247792,-0.6941648587848823,1.0
-1.01482405639096,-0.8901707731719809,-0.9338995088763906,-0.9692391696079612,-0.8743570938847848,-0.9631065920247792,-0.7926864464268609,-0.6941648587848823,0.0
-0.8901707731719809,-0.9338995088763906,-0.9692391696079612,-0.8743570938847848,-0.9631065920247792,-0.7926864464268609,-0.6941648587848823,-0.7152740279139358,1.0
-0.9338995088763906,-0.9692391696079612,-0.8743570938847848,-0.9631065920247792,-0.7926864464268609,-0.6941648587848823,-0.7656448728701598,-0.7152740279139358,0.0
-0.9692391696079612,-0.8743570938847848,-0.9631065920247792,-0.7926864464268609,-0.6941648587848823,-0.7656448728701598,-0.7152740279139358,-0.8216205661813394,2.0
-0.8743570938847848,-0.9631065920247792,-0.7926864464268609,-0.6941648587848823,-0.7656448728701598,-0.7152740279139358,-0.8375980235048816,-0.8216205661813394,1.0
-0.9631065920247792,-0.7926864464268609,-0.6941648587848823,-0.7656448728701598,-0.7152740279139358,-0.8375980235048816,-0.9585753996858704,-0.8055157259406391,6.0
-0.7926864464268609,-0.6941648587848823,-0.7656448728701598,-0.7152740279139358,-0.8375980235048816,-0.9585753996858704,-0.8216205661813394,-0.8055157259406391,5.0
-0.6941648587848823,-0.7656448728701598,-0.7152740279139358,-0.8375980235048816,-0.9585753996858704,-0.8216205661813394,-0.9063484036510572,-0.8055157259406391,4.0
-0.7656448728701598,-0.7152740279139358,-0.8375980235048816,-0.9585753996858704,-0.8216205661813394,-0.9063484036510572,-1.0104020494096155,-0.8055157259406391,3.0
-0.7152740279139358,-0.8375980235048816,-0.9585753996858704,-0.8216205661813394,-0.9063484036510572,-1.0104020494096155,-0.9204515123364162,-0.7667185288862064,6.0
-0.8375980235048816,-0.9585753996858704,-0.8216205661813394,-0.9063484036510572,-1.0104020494096155,-0.9204515123364162,-0.9443813032025413,-0.7667185288862064,5.0
-0.9585753996858704,-0.8216205661813394,-0.9063484036510572,-1.0104020494096155,-0.9204515123364162,-0.9443813032025413,-0.8403458550035773,-0.7667185288862064,4.0
-0.8216205661813394,-0.9063484036510572,-1.0104020494096155,-0.9204515123364162,-0.9443813032025413,-0.8403458550035773,-0.8055157259406391,-0.7667185288862064,3.0
-0.9063484036510572,-1.0104020494096155,-0.9204515123364162,-0.9443813032025413,-0.8403458550035773,-0.8055157259406391,-0.8947383606300778,-0.7667185288862064,2.0
-1.0104020494096155,-0.9204515123364162,-0.9443813032025413,-0.8403458550035773,-0.8055157259406391,-0.8947383606300778,-0.9729150766459514,-0.7667185288862064,1.0
-0.9204515123364162,-0.9443813032025413,-0.8403458550035773,-0.8055157259406391,-0.8947383606300778,-0.9729150766459514,-0.9949887164334876,-0.7667185288862064,0.0
-0.9443813032025413,-0.8403458550035773,-0.8055157259406391,-0.8947383606300778,-0.9729150766459514,-0.9949887164334876,-0.7667185288862064,-0.8259151902455261,0.0
-0.8403458550035773,-0.8055157259406391,-0.8947383606300778,-0.9729150766459514,-0.9949887164334876,-0.7667185288862064,-0.8259151902455261,-0.909132630268941,6.0
-0.8055157259406391,-0.8947383606300778,-0.9729150766459514,-0.9949887164334876,-0.7667185288862064,-0.8259151902455261,-1.0196646072429674,-0.8717730404224352,6.0
-0.8947383606300778,-0.9729150766459514,-0.9949887164334876,-0.7667185288862064,-0.8259151902455261,-1.0196646072429674,-1.022448833860851,-0.7716864626553716,6.0
-0.9729150766459514,-0.9949887164334876,-0.7667185288862064,-0.8259151902455261,-1.0196646072429674,-1.022448833860851,-1.0196646072429674,-0.7716864626553716,5.0
-0.9949887164334876,-0.7667185288862064,-0.8259151902455261,-1.0196646072429674,-1.022448833860851,-1.0196646072429674,-1.0219574997518126,-0.6065618068993106,6.0
-0.7667185288862064,-0.8259151902455261,-1.0196646072429674,-1.022448833860851,-1.0196646072429674,-1.0219574997518126,-1.02099302909333,-0.6065618068993106,5.0
-0.8259151902455261,-1.0196646072429674,-1.022448833860851,-1.0196646072429674,-1.0219574997518126,-1.02099302909333,-1.0184817658693566,-0.29800398642325043,6.0
-1.0196646072429674,-1.022448833860851,-1.0196646072429674,-1.0219574997518126,-1.02099302909333,-1.0184817658693566,-0.909132630268941,-0.29800398642325043,5.0
-1.022448833860851,-1.0196646072429674,-1.0219574997518126,-1.02099302909333,-1.0184817658693566,-0.909132630268941,-0.8717730404224352,-0.29800398642325043,4.0
-1.0196646072429674,-1.0219574997518126,-1.02099302909333,-1.0184817658693566,-0.909132630268941,-0.8717730404224352,-0.7716864626553716,-0.29800398642325043,3.0
-1.0219574997518126,-1.02099302909333,-1.0184817658693566,-0.909132630268941,-0.8717730404224352,-0.7716864626553716,-0.8439489718031915,-0.29800398642325043,2.0
-1.02099302909333,-1.0184817658693566,-0.909132630268941,-0.8717730404224352,-0.7716864626553716,-0.8439489718031915,-0.6065618068993106,-0.29800398642325043,1.0
-1.0184817658693566,-0.909132630268941,-0.8717730404224352,-0.7716864626553716,-0.8439489718031915,-0.6065618068993106,-0.8312288776469775,-0.29800398642325043,0.0
-0.909132630268941,-0.8717730404224352,-0.7716864626553716,-0.8439489718031915,-0.6065618068993106,-0.8312288776469775,-0.29800398642325043,-0.3831139726444425,3.0
-0.8717730404224352,-0.7716864626553716,-0.8439489718031915,-0.6065618068993106,-0.8312288776469775,-0.29800398642325043,-0.41177512900501073,-0.3831139726444425,2.0
-0.7716864626553716,-0.8439489718031915,-0.6065618068993106,-0.8312288776469775,-0.29800398642325043,-0.41177512900501073,-0.6592437419239742,-0.3831139726444425,1.0
-0.8439489718031915,-0.6065618068993106,-0.8312288776469775,-0.29800398642325043,-0.41177512900501073,-0.6592437419239742,-0.6499993816502162,-0.3831139726444425,0.0
-0.6065618068993106,-0.8312288776469775,-0.29800398642325043,-0.41177512900501073,-0.6592437419239742,-0.6499993816502162,-0.3831139726444425,-0.545800155414906,6.0
-0.8312288776469775,-0.29800398642325043,-0.41177512900501073,-0.6592437419239742,-0.6499993816502162,-0.3831139726444425,-0.7097055746781682,-0.545800155414906,5.0
-0.29800398642325043,-0.41177512900501073,-0.6592437419239742,-0.6499993816502162,-0.3831139726444425,-0.7097055746781682,-0.7894290832595329,-0.545800155414906,4.0
-0.41177512900501073,-0.6592437419239742,-0.6499993816502162,-0.3831139726444425,-0.7097055746781682,-0.7894290832595329,-0.8629472240193397,-0.22586886019258856,6.0
-0.6592437419239742,-0.6499993816502162,-0.3831139726444425,-0.7097055746781682,-0.7894290832595329,-0.8629472240193397,-0.752105888532215,-0.22586886019258856,5.0
-0.6499993816502162,-0.3831139726444425,-0.7097055746781682,-0.7894290832595329,-0.8629472240193397,-0.752105888532215,-0.7380027798468561,-0.22586886019258856,4.0
-0.3831139726444425,-0.7097055746781682,-0.7894290832595329,-0.8629472240193397,-0.752105888532215,-0.7380027798468561,-0.8821820445102099,-0.22586886019258856,3.0
-0.7097055746781682,-0.7894290832595329,-0.8629472240193397,-0.752105888532215,-0.7380027798468561,-0.8821820445102099,-0.545800155414906,-0.22586886019258856,2.0
-0.7894290832595329,-0.8629472240193397,-0.752105888532215,-0.7380027798468561,-0.8821820445102099,-0.545800155414906,-0.6512914083813911,-0.22586886019258856,1.0
-0.8629472240193397,-0.752105888532215,-0.7380027798468561,-0.8821820445102099,-0.545800155414906,-0.6512914083813911,-0.5596848933851367,-0.22586886019258856,0.0
-0.752105888532215,-0.7380027798468561,-0.8821820445102099,-0.545800155414906,-0.6512914083813911,-0.5596848933851367,-0.22586886019258856,-0.405788131898581,4.0
-0.7380027798468561,-0.8821820445102099,-0.545800155414906,-0.6512914083813911,-0.5596848933851367,-0.22586886019258856,-0.6782237965805281,-0.405788131898581,3.0
-0.8821820445102099,-0.545800155414906,-0.6512914083813911,-0.5596848933851367,-0.22586886019258856,-0.6782237965805281,-0.827461982811017,-0.405788131898581,2.0
-0.545800155414906,-0.6512914083813911,-0.5596848933851367,-0.22586886019258856,-0.6782237965805281,-0.827461982811017,-0.4641841006357641,-0.405788131898581,1.0
-0.6512914083813911,-0.5596848933851367,-0.22586886019258856,-0.6782237965805281,-0.827461982811017,-0.4641841006357641,-0.7310877072011318,0.5477821883872193,6.0
-0.5596848933851367,-0.22586886019258856,-0.6782237965805281,-0.827461982811017,-0.4641841006357641,-0.7310877072011318,-0.405788131898581,0.5477821883872193,5.0
-0.22586886019258856,-0.6782237965805281,-0.827461982811017,-0.4641841006357641,-0.7310877072011318,-0.405788131898581,-0.808445533035275,0.5477821883872193,4.0
-0.6782237965805281,-0.827461982811017,-0.4641841006357641,-0.7310877072011318,-0.405788131898581,-0.808445533035275,-0.8705356063700425,0.5477821883872193,3.0
-0.827461982811017,-0.4641841006357641,-0.7310877072011318,-0.405788131898581,-0.808445533035275,-0.8705356063700425,-0.46074476187249586,0.5477821883872193,2.0
-0.4641841006357641,-0.7310877072011318,-0.405788131898581,-0.808445533035275,-0.8705356063700425,-0.46074476187249586,-1.0025589012245963,0.5477821883872193,1.0
-0.7310877072011318,-0.405788131898581,-0.808445533035275,-0.8705356063700425,-0.46074476187249586,-1.0025589012245963,-0.665412714626344,0.7884631115776162,6.0
-0.405788131898581,-0.808445533035275,-0.8705356063700425,-0.46074476187249586,-1.0025589012245963,-0.665412714626344,0.5477821883872193,0.7884631115776162,5.0
-0.808445533035275,-0.8705356063700425,-0.46074476187249586,-1.0025589012245963,-0.665412714626344,0.5477821883872193,-0.6030860730168544,0.7884631115776162,4.0
-0.8705356063700425,-0.46074476187249586,-1.0025589012245963,-0.665412714626344,0.5477821883872193,-0.6030860730168544,-0.49599343480609637,0.7884631115776162,3.0
-0.46074476187249586,-1.0025589012245963,-0.665412714626344,0.5477821883872193,-0.6030860730168544,-0.49599343480609637,-0.5758261287450251,0.7884631115776162,2.0
-1.0025589012245963,-0.665412714626344,0.5477821883872193,-0.6030860730168544,-0.49599343480609637,-0.5758261287450251,-0.8941742362826636,0.7884631115776162,1.0
-0.665412714626344,0.5477821883872193,-0.6030860730168544,-0.49599343480609637,-0.5758261287450251,-0.8941742362826636,-0.869789506426688,0.7884631115776162,0.0
0.5477821883872193,-0.6030860730168544,-0.49599343480609637,-0.5758261287450251,-0.8941742362826636,-0.869789506426688,0.7884631115776162,0.264446185508459,4.0
-0.6030860730168544,-0.49599343480609637,-0.5758261287450251,-0.8941742362826636,-0.869789506426688,0.7884631115776162,-0.5524786597859083,0.264446185508459,3.0
-0.49599343480609637,-0.5758261287450251,-0.8941742362826636,-0.869789506426688,0.7884631115776162,-0.5524786597859083,-0.5356459171614476,0.264446185508459,2.0
-0.5758261287450251,-0.8941742362826636,-0.869789506426688,0.7884631115776162,-0.5524786597859083,-0.5356459171614476,0.21968018890719057,0.264446185508459,1.0
-0.8941742362826636,-0.869789506426688,0.7884631115776162,-0.5524786597859083,-0.5356459171614476,0.21968018890719057,-0.47366502918424414,0.264446185508459,0.0
-0.869789506426688,0.7884631115776162,-0.5524786597859083,-0.5356459171614476,0.21968018890719057,-0.47366502918424414,0.264446185508459,0.533187745592822,6.0
0.7884631115776162,-0.5524786597859083,-0.5356459171614476,0.21968018890719057,-0.47366502918424414,0.264446185508459,0.21766025979225526,0.533187745592822,5.0
-0.5524786597859083,-0.5356459171614476,0.21968018890719057,-0.47366502918424414,0.264446185508459,0.21766025979225526,-0.37459751475444514,0.533187745592822,4.0
-0.5356459171614476,0.21968018890719057,-0.47366502918424414,0.264446185508459,0.21766025979225526,-0.37459751475444514,0.11002169479367685,0.6195897585451888,6.0
0.21968018890719057,-0.47366502918424414,0.264446185508459,0.21766025979225526,-0.37459751475444514,0.11002169479367685,-0.38426041889886525,0.6195897585451888,5.0
-0.47366502918424414,0.264446185508459,0.21766025979225526,-0.37459751475444514,0.11002169479367685,-0.38426041889886525,0.05064305783841713,0.6195897585451888,4.0
0.264446185508459,0.21766025979225526,-0.37459751475444514,0.11002169479367685,-0.38426041889886525,0.05064305783841713,-0.07486551068148059,1.1514680303589588,6.0
0.21766025979225526,-0.37459751475444514,0.11002169479367685,-0.38426041889886525,0.05064305783841713,-0.07486551068148059,0.533187745592822,1.1514680303589588,5.0
-0.37459751475444514,0.11002169479367685,-0.38426041889886525,0.05064305783841713,-0.07486551068148059,0.533187745592822,-0.07566620330361717,1.1514680303589588,4.0
0.11002169479367685,-0.38426041889886525,0.05064305783841713,-0.07486551068148059,0.533187745592822,-0.07566620330361717,-0.3420784757599465,1.1514680303589588,3.0
-0.38426041889886525,0.05064305783841713,-0.07486551068148059,0.533187745592822,-0.07566620330361717,-0.3420784757599465,0.6195897585451888,1.1514680303589588,2.0
0.05064305783841713,-0.07486551068148059,0.533187745592822,-0.07566620330361717,-0.3420784757599465,0.6195897585451888,-0.5556268375956722,1.1514680303589588,1.0
-0.07486551068148059,0.533187745592822,-0.07566620330361717,-0.3420784757599465,0.6195897585451888,-0.5556268375956722,-0.33075959369247127,1.1514680303589588,0.0
0.533187745592822,-0.07566620330361717,-0.3420784757599465,0.6195897585451888,-0.5556268375956722,-0.33075959369247127,1.1514680303589588,0.9896735280086022,0.0
-0.07566620330361717,-0.3420784757599465,0.6195897585451888,-0.5556268375956722,-0.33075959369247127,1.1514680303589588,0.9896735280086022,-0.23982638840119547,0.0
-0.3420784757599465,0.6195897585451888,-0.5556268375956722,-0.33075959369247127,1.1514680303589588,0.9896735280086022,-0.23982638840119547,-0.3656807105533795,2.0
0.6195897585451888,-0.5556268375956722,-0.33075959369247127,1.1514680303589588,0.9896735280086022,-0.23982638840119547,-0.7736517990915248,-0.3656807105533795,1.0
-0.5556268375956722,-0.33075959369247127,1.1514680303589588,0.9896735280086022,-0.23982638840119547,-0.7736517990915248,-0.4886598182897096,-0.3656807105533795,0.0
-0.33075959369247127,1.1514680303589588,0.9896735280086022,-0.23982638840119547,-0.7736517990915248,-0.4886598182897096,-0.3656807105533795,-0.42697009126601043,4.0
1.1514680303589588,0.9896735280086022,-0.23982638840119547,-0.7736517990915248,-0.4886598182897096,-0.3656807105533795,-0.5484933942348197,-0.3883730673671119,6.0
0.9896735280086022,-0.23982638840119547,-0.7736517990915248,-0.4886598182897096,-0.3656807105533795,-0.5484933942348197,-0.6829369645153771,0.6634094820475687,6.0
-0.23982638840119547,-0.7736517990915248,-0.4886598182897096,-0.3656807105533795,-0.5484933942348197,-0.6829369645153771,-0.780166525426181,1.0684325659314844,6.0
-0.7736517990915248,-0.4886598182897096,-0.3656807105533795,-0.5484933942348197,-0.6829369645153771,-0.780166525426181,-0.46076295943208995,1.0684325659314844,5.0
-0.4886598182897096,-0.3656807105533795,-0.5484933942348197,-0.6829369645153771,-0.780166525426181,-0.46076295943208995,-0.42697009126601043,1.6489165194208593,6.0
-0.3656807105533795,-0.5484933942348197,-0.6829369645153771,-0.780166525426181,-0.46076295943208995,-0.42697009126601043,-0.4465870605083549,1.6489165194208593,5.0
-0.5484933942348197,-0.6829369645153771,-0.780166525426181,-0.46076295943208995,-0.42697009126601043,-0.4465870605083549,-0.48465635517902717,1.6489165194208593,4.0
-0.6829369645153771,-0.780166525426181,-0.46076295943208995,-0.42697009126601043,-0.4465870605083549,-0.48465635517902717,-0.3883730673671119,1.6489165194208593,3.0
-0.780166525426181,-0.46076295943208995,-0.42697009126601043,-0.4465870605083549,-0.48465635517902717,-0.3883730673671119,0.6634094820475687,1.6489165194208593,2.0
-0.46076295943208995,-0.42697009126601043,-0.4465870605083549,-0.48465635517902717,-0.3883730673671119,0.6634094820475687,1.0684325659314844,1.6489165194208593,1.0
-0.42697009126601043,-0.4465870605083549,-0.48465635517902717,-0.3883730673671119,0.6634094820475687,1.0684325659314844,0.0719524001230048,1.917621684386034,6.0
-0.4465870605083549,-0.48465635517902717,-0.3883730673671119,0.6634094820475687,1.0684325659314844,0.0719524001230048,1.6489165194208593,1.917621684386034,5.0
-0.48465635517902717,-0.3883730673671119,0.6634094820475687,1.0684325659314844,0.0719524001230048,1.6489165194208593,0.5722215109219768,1.917621684386034,4.0
-0.3883730673671119,0.6634094820475687,1.0684325659314844,0.0719524001230048,1.6489165194208593,0.5722215109219768,-0.6336397755751998,1.917621684386034,3.0
0.6634094820475687,1.0684325659314844,0.0719524001230048,1.6489165194208593,0.5722215109219768,-0.6336397755751998,0.7922300064135765,1.917621684386034,2.0
1.0684325659314844,0.0719524001230048,1.6489165194208593,0.5722215109219768,-0.6336397755751998,0.7922300064135765,0.9715305610933725,1.917621684386034,1.0
0.0719524001230048,1.6489165194208593,0.5722215109219768,-0.6336397755751998,0.7922300064135765,0.9715305610933725,1.2955563072243426,1.917621684386034,0.0
1.6489165194208593,0.5722215109219768,-0.6336397755751998,0.7922300064135765,0.9715305610933725,1.2955563072243426,1.917621684386034,1.888723959750744,2.0
0.5722215109219768,-0.6336397755751998,0.7922300064135765,0.9715305610933725,1.2955563072243426,1.917621684386034,1.8616459910748544,1.888723959750744,1.0
-0.6336397755751998,0.7922300064135765,0.9715305610933725,1.2955563072243426,1.917621684386034,1.8616459910748544,1.2682963629525132,1.888723959750744,0.0
0.7922300064135765,0.9715305610933725,1.2955563072243426,1.917621684386034,1.8616459910748544,1.2682963629525132,1.888723959750744,1.881499528591921,3.0
0.9715305610933725,1.2955563072243426,1.917621684386034,1.8616459910748544,1.2682963629525132,1.888723959750744,0.7238071823400931,1.881499528591921,2.0
1.2955563072243426,1.917621684386034,1.8616459910748544,1.2682963629525132,1.888723959750744,0.7238071823400931,1.0528736524786044,2.309123981491599,6.0
1.917621684386034,1.8616459910748544,1.2682963629525132,1.888723959750744,0.7238071823400931,1.0528736524786044,1.2398899724262613,2.309123981491599,5.0
1.8616459910748544,1.2682963629525132,1.888723959750744,0.7238071823400931,1.0528736524786044,1.2398899724262613,1.881499528591921,2.309123981491599,4.0
1.2682963629525132,1.888723959750744,0.7238071823400931,1.0528736524786044,1.2398899724262613,1.881499528591921,0.9935678057617207,2.309123981491599,3.0
1.888723959750744,0.7238071823400931,1.0528736524786044,1.2398899724262613,1.881499528591921,0.9935678057617207,1.6381071690220161,2.309123981491599,2.0
0.7238071823400931,1.0528736524786044,1.2398899724262613,1.881499528591921,0.9935678057617207,1.6381071690220161,0.632528223416531,2.309123981491599,1.0
1.0528736524786044,1.2398899724262613,1.881499528591921,0.9935678057617207,1.6381071690220161,0.632528223416531,0.8686233615892371,2.309123981491599,0.0
1.2398899724262613,1.881499528591921,0.9935678057617207,1.6381071690220161,0.632528223416531,0.8686233615892371,2.309123981491599,1.9578200935292058,3.0
1.881499528591921,0.9935678057617207,1.6381071690220161,0.632528223416531,0.8686233615892371,2.309123981491599,1.796280357013165,1.9578200935292058,2.0
0.9935678057617207,1.6381071690220161,0.632528223416531,0.8686233615892371,2.309123981491599,1.796280357013165,1.520732909640642,1.9578200935292058,1.0
1.6381071690220161,0.632528223416531,0.8686233615892371,2.309123981491599,1.796280357013165,1.520732909640642,0.5243619291897262,1.9578200935292058,0.0
0.632528223416531,0.8686233615892371,2.309123981491599,1.796280357013165,1.520732909640642,0.5243619291897262,1.9578200935292058,1.969193568275463,6.0
0.8686233615892371,2.309123981491599,1.796280357013165,1.520732909640642,0.5243619291897262,1.9578200935292058,1.3238899075122186,1.969193568275463,5.0
2.309123981491599,1.796280357013165,1.520732909640642,0.5243619291897262,1.9578200935292058,1.3238899075122186,1.9398227070907281,1.969193568275463,4.0
1.796280357013165,1.520732909640642,0.5243619291897262,1.9578200935292058,1.3238899075122186,1.9398227070907281,0.5278922557509644,1.969193568275463,3.0
1.520732909640642,0.5243619291897262,1.9578200935292058,1.3238899075122186,1.9398227070907281,0.5278922557509644,1.4923083215547956,1.969193568275463,2.0
0.5243619291897262,1.9578200935292058,1.3238899075122186,1.9398227070907281,0.5278922557509644,1.4923083215547956,0.844584385365548,1.969193568275463,1.0
1.9578200935292058,1.3238899075122186,1.9398227070907281,0.5278922557509644,1.4923083215547956,0.844584385365548,0.15820883259861968,1.969193568275463,0.0
1.3238899075122186,1.9398227070907281,0.5278922557509644,1.4923083215547956,0.844584385365548,0.15820883259861968,1.969193568275463,1.5551626923925117,1.0
1.9398227070907281,0.5278922557509644,1.4923083215547956,0.844584385365548,0.15820883259861968,1.969193568275463,1.226733136839791,1.5551626923925117,0.0
0.5278922557509644,1.4923083215547956,0.844584385365548,0.15820883259861968,1.969193568275463,1.226733136839791,1.5551626923925117,1.157982756693615,1.0
1.4923083215547956,0.844584385365548,0.15820883259861968,1.969193568275463,1.226733136839791,1.5551626923925117,0.9718399196064706,1.157982756693615,0.0
0.844584385365548,0.15820883259861968,1.969193568275463,1.226733136839791,1.5551626923925117,0.9718399196064706,1.157982756693615,1.749239665462645,6.0
0.15820883259861968,1.969193568275463,1.226733136839791,1.5551626923925117,0.9718399196064706,1.157982756693615,0.4067147064144415,1.749239665462645,5.0
1.969193568275463,1.226733136839791,1.5551626923925117,0.9718399196064706,1.157982756693615,0.4067147064144415,0.9026709955896329,1.749239665462645,4.0
1.226733136839791,1.5551626923925117,0.9718399196064706,1.157982756693615,0.4067147064144415,0.9026709955896329,0.5272735387247682,2.5519158215949016,6.0
1.5551626923925117,0.9718399196064706,1.157982756693615,0.4067147064144415,0.9026709955896329,0.5272735387247682,0.6427916470275536,2.5519158215949016,5.0
0.9718399196064706,1.157982756693615,0.4067147064144415,0.9026709955896329,0.5272735387247682,0.6427916470275536,0.7052274739946073,2.5519158215949016,4.0
1.157982756693615,0.4067147064144415,0.9026709955896329,0.5272735387247682,0.6427916470275536,0.7052274739946073,0.5122969471788967,2.5519158215949016,3.0
0.4067147064144415,0.9026709955896329,0.5272735387247682,0.6427916470275536,0.7052274739946073,0.5122969471788967,1.749239665462645,2.5519158215949016,2.0
0.9026709955896329,0.5272735387247682,0.6427916470275536,0.7052274739946073,0.5122969471788967,1.749239665462645,-0.10076063798375903,2.5519158215949016,1.0
0.5272735387247682,0.6427916470275536,0.7052274739946073,0.5122969471788967,1.749239665462645,-0.10076063798375903,0.36982825311738005,2.5519158215949016,0.0
0.6427916470275536,0.7052274739946073,0.5122969471788967,1.749239665462645,-0.10076063798375903,0.36982825311738005,2.5519158215949016,2.328286011744093,6.0
0.7052274739946073,0.5122969471788967,1.749239665462645,-0.10076063798375903,0.36982825311738005,2.5519158215949016,1.4229392243824235,2.328286011744093,5.0
0.5122969471788967,1.749239665462645,-0.10076063798375903,0.36982825311738005,2.5519158215949016,1.4229392243824235,2.3272123557280464,2.328286011744093,4.0
1.749239665462645,-0.10076063798375903,0.36982825311738005,2.5519158215949016,1.4229392243824235,2.3272123557280464,0.8290072743530742,2.328286011744093,3.0
-0.10076063798375903,0.36982825311738005,2.5519158215949016,1.4229392243824235,2.3272123557280464,0.8290072743530742,1.2562495785012777,2.328286011744093,2.0
0.36982825311738005,2.5519158215949016,1.4229392243824235,2.3272123557280464,0.8290072743530742,1.2562495785012777,1.6421652248114809,2.328286011744093,1.0
2.5519158215949016,1.4229392243824235,2.3272123557280464,0.8290072743530742,1.2562495785012777,1.6421652248114809,-0.1910933238084325,2.328286011744093,0.0
1.4229392243824235,2.3272123557280464,0.8290072743530742,1.2562495785012777,1.6421652248114809,-0.1910933238084325,2.328286011744093,2.365336243077501,6.0
2.3272123557280464,0.8290072743530742,1.2562495785012777,1.6421652248114809,-0.1910933238084325,2.328286011744093,1.3568092928177853,2.365336243077501,5.0
0.8290072743530742,1.2562495785012777,1.6421652248114809,-0.1910933238084325,2.328286011744093,1.3568092928177853,2.1212705738026174,2.365336243077501,4.0
1.2562495785012777,1.6421652248114809,-0.1910933238084325,2.328286011744093,1.3568092928177853,2.1212705738026174,1.2184532472245158,2.365336243077501,3.0
1.6421652248114809,-0.1910933238084325,2.328286011744093,1.3568092928177853,2.1212705738026174,1.2184532472245158,2.1856535396462307,2.365336243077501,2.0
-0.1910933238084325,2.328286011744093,1.3568092928177853,2.1212705738026174,1.2184532472245158,2.1856535396462307,1.4001922748899092,2.365336243077501,1.0
2.328286011744093,1.3568092928177853,2.1212705738026174,1.2184532472245158,2.1856535396462307,1.4001922748899092,1.9031182293896067,2.365336243077501,0.0
1.3568092928177853,2.1212705738026174,1.2184532472245158,2.1856535396462307,1.4001922748899092,1.9031182293896067,2.365336243077501,1.5201323901740393,6.0
2.1212705738026174,1.2184532472245158,2.1856535396462307,1.4001922748899092,1.9031182293896067,2.365336243077501,0.437450384568727,1.5201323901740393,5.0
1.2184532472245158,2.1856535396462307,1.4001922748899092,1.9031182293896067,2.365336243077501,0.437450384568727,0.7098496541314862,1.5201323901740393,4.0
2.1856535396462307,1.4001922748899092,1.9031182293896067,2.365336243077501,0.437450384568727,0.7098496541314862,0.5514580954252095,1.5201323901740393,3.0
1.4001922748899092,1.9031182293896067,2.365336243077501,0.437450384568727,0.7098496541314862,0.5514580954252095,0.3716480090767813,1.5201323901740393,2.0
1.9031182293896067,2.365336243077501,0.437450384568727,0.7098496541314862,0.5514580954252095,0.3716480090767813,1.5002788526569726,1.5201323901740393,1.0
2.365336243077501,0.437450384568727,0.7098496541314862,0.5514580954252095,0.3716480090767813,1.5002788526569726,-0.12270689485413691,1.5201323901740393,0.0
0.437450384568727,0.7098496541314862,0.5514580954252095,0.3716480090767813,1.5002788526569726,-0.12270689485413691,1.5201323901740393,1.5058291083331463,6.0
0.7098496541314862,0.5514580954252095,0.3716480090767813,1.5002788526569726,-0.12270689485413691,1.5201323901740393,-0.5435436580252485,1.5058291083331463,5.0
0.5514580954252095,0.3716480090767813,1.5002788526569726,-0.12270689485413691,1.5201323901740393,-0.5435436580252485,0.983140604114352,1.5058291083331463,4.0
0.3716480090767813,1.5002788526569726,-0.12270689485413691,1.5201323901740393,-0.5435436580252485,0.983140604114352,0.26515589033262554,1.5058291083331463,3.0
1.5002788526569726,-0.12270689485413691,1.5201323901740393,-0.5435436580252485,0.983140604114352,0.26515589033262554,0.5705109403201396,1.5058291083331463,2.0
-0.12270689485413691,1.5201323901740393,-0.5435436580252485,0.983140604114352,0.26515589033262554,0.5705109403201396,0.8061693370625893,2.3730520083453617,6.0
1.5201323901740393,-0.5435436580252485,0.983140604114352,0.26515589033262554,0.5705109403201396,0.8061693370625893,0.8215644724791233,2.3730520083453617,5.0
-0.5435436580252485,0.983140604114352,0.26515589033262554,0.5705109403201396,0.8061693370625893,0.8215644724791233,1.5058291083331463,2.3730520083453617,4.0
0.983140604114352,0.26515589033262554,0.5705109403201396,0.8061693370625893,0.8215644724791233,1.5058291083331463,1.0045773293160978,2.3730520083453617,3.0
0.26515589033262554,0.5705109403201396,0.8061693370625893,0.8215644724791233,1.5058291083331463,1.0045773293160978,-0.34912093132282895,2.3730520083453617,2.0
0.5705109403201396,0.8061693370625893,0.8215644724791233,1.5058291083331463,1.0045773293160978,-0.34912093132282895,0.07508238037317481,2.3730520083453617,1.0
0.8061693370625893,0.8215644724791233,1.5058291083331463,1.0045773293160978,-0.34912093132282895,0.07508238037317481,-0.07255442061304111,2.3730520083453617,0.0
0.8215644724791233,1.5058291083331463,1.0045773293160978,-0.34912093132282895,0.07508238037317481,-0.07255442061304111,2.3730520083453617,1.7886009868644919,3.0
1.5058291083331463,1.0045773293160978,-0.34912093132282895,0.07508238037317481,-0.07255442061304111,2.3730520083453617,0.6740186592908776,2.6401921831854516,6.0
1.0045773293160978,-0.34912093132282895,0.07508238037317481,-0.07255442061304111,2.3730520083453617,0.6740186592908776,0.4221462369501634,2.6401921831854516,5.0
-0.34912093132282895,0.07508238037317481,-0.07255442061304111,2.3730520083453617,0.6740186592908776,0.4221462369501634,0.5140257153403276,2.6401921831854516,4.0
0.07508238037317481,-0.07255442061304111,2.3730520083453617,0.6740186592908776,0.4221462369501634,0.5140257153403276,1.7886009868644919,2.6401921831854516,3.0
-0.07255442061304111,2.3730520083453617,0.6740186592908776,0.4221462369501634,0.5140257153403276,1.7886009868644919,0.7847508094204378,2.6401921831854516,2.0
2.3730520083453617,0.6740186592908776,0.4221462369501634,0.5140257153403276,1.7886009868644919,0.7847508094204378,1.76350655218435,2.6401921831854516,1.0
0.6740186592908776,0.4221462369501634,0.5140257153403276,1.7886009868644919,0.7847508094204378,1.76350655218435,1.2517911764007448,2.6401921831854516,0.0
0.4221462369501634,0.5140257153403276,1.7886009868644919,0.7847508094204378,1.76350655218435,1.2517911764007448,2.6401921831854516,1.387854329485169,1.0
0.5140257153403276,1.7886009868644919,0.7847508094204378,1.76350655218435,1.2517911764007448,2.6401921831854516,1.2143405987562692,1.5275933896075844,6.0
1.7886009868644919,0.7847508094204378,1.76350655218435,1.2517911764007448,2.6401921831854516,1.2143405987562692,1.387854329485169,1.5275933896075844,5.0
0.7847508094204378,1.76350655218435,1.2517911764007448,2.6401921831854516,1.2143405987562692,1.387854329485169,0.34524335010587043,1.5275933896075844,4.0
1.76350655218435,1.2517911764007448,2.6401921831854516,1.2143405987562692,1.387854329485169,0.34524335010587043,0.2861376765445209,1.5275933896075844,3.0
1.2517911764007448,2.6401921831854516,1.2143405987562692,1.387854329485169,0.34524335010587043,0.2861376765445209,0.934553119998341,1.5275933896075844,2.0
2.6401921831854516,1.2143405987562692,1.387854329485169,0.34524335010587043,0.2861376765445209,0.934553119998341,0.7749059296800774,1.5275933896075844,1.0
1.2143405987562692,1.387854329485169,0.34524335010587043,0.2861376765445209,0.934553119998341,0.7749059296800774,-0.5220887352639089,1.5275933896075844,0.0
1.387854329485169,0.34524335010587043,0.2861376765445209,0.934553119998341,0.7749059296800774,-0.5220887352639089,1.5275933896075844,1.5250093361452346,2.0
0.34524335010587043,0.2861376765445209,0.934553119998341,0.7749059296800774,-0.5220887352639089,1.5275933896075844,0.7937949965386618,1.5250093361452346,1.0
0.2861376765445209,0.934553119998341,0.7749059296800774,-0.5220887352639089,1.5275933896075844,0.7937949965386618,1.3483474276065701,1.5250093361452346,0.0
0.934553119998341,0.7749059296800774,-0.5220887352639089,1.5275933896075844,0.7937949965386618,1.3483474276065701,1.5250093361452346,1.475366393572771,3.0
0.7749059296800774,-0.5220887352639089,1.5275933896075844,0.7937949965386618,1.3483474276065701,1.5250093361452346,0.8802334046102166,1.475366393572771,2.0
-0.5220887352639089,1.5275933896075844,0.7937949965386618,1.3483474276065701,1.5250093361452346,0.8802334046102166,0.7613487477825391,1.475366393572771,1.0
1.5275933896075844,0.7937949965386618,1.3483474276065701,1.5250093361452346,0.8802334046102166,0.7613487477825391,-0.5465644529178545,1.475366393572771,0.0
0.7937949965386618,1.3483474276065701,1.5250093361452346,0.8802334046102166,0.7613487477825391,-0.5465644529178545,1.475366393572771,1.0379880487307032,0.0
1.3483474276065701,1.5250093361452346,0.8802334046102166,0.7613487477825391,-0.5465644529178545,1.475366393572771,1.0379880487307032,0.8008920447803262,0.0
1.5250093361452346,0.8802334046102166,0.7613487477825391,-0.5465644529178545,1.475366393572771,1.0379880487307032,0.8008920447803262,0.5907284290290865,5.0
0.8802334046102166,0.7613487477825391,-0.5465644529178545,1.475366393572771,1.0379880487307032,0.8008920447803262,-0.6760400894292468,0.5907284290290865,4.0
0.7613487477825391,-0.5465644529178545,1.475366393572771,1.0379880487307032,0.8008920447803262,-0.6760400894292468,-0.8391405699731339,0.5907284290290865,3.0
-0.5465644529178545,1.475366393572771,1.0379880487307032,0.8008920447803262,-0.6760400894292468,-0.8391405699731339,-0.024298738666961077,0.5907284290290865,2.0
1.475366393572771,1.0379880487307032,0.8008920447803262,-0.6760400894292468,-0.8391405699731339,-0.024298738666961077,-0.5691840194932108,0.5907284290290865,1.0
1.0379880487307032,0.8008920447803262,-0.6760400894292468,-0.8391405699731339,-0.024298738666961077,-0.5691840194932108,0.19449476642907865,0.5907284290290865,0.0
0.8008920447803262,-0.6760400894292468,-0.8391405699731339,-0.024298738666961077,-0.5691840194932108,0.19449476642907865,0.5907284290290865,0.5206678245921419,0.0
-0.6760400894292468,-0.8391405699731339,-0.024298738666961077,-0.5691840194932108,0.19449476642907865,0.5907284290290865,0.5206678245921419,1.27268197481467,6.0
-0.8391405699731339,-0.024298738666961077,-0.5691840194932108,0.19449476642907865,0.5907284290290865,0.5206678245921419,-0.16172246262369774,1.27268197481467,5.0
-0.024298738666961077,-0.5691840194932108,0.19449476642907865,0.5907284290290865,0.5206678245921419,-0.16172246262369774,-0.9199601782273779,1.27268197481467,4.0
-0.5691840194932108,0.19449476642907865,0.5907284290290865,0.5206678245921419,-0.16172246262369774,-0.9199601782273779,-0.9834332660912902,1.27268197481467,3.0
0.19449476642907865,0.5907284290290865,0.5206678245921419,-0.16172246262369774,-0.9199601782273779,-0.9834332660912902,-0.8749394157917932,1.27268197481467,2.0
0.5907284290290865,0.5206678245921419,-0.16172246262369774,-0.9199601782273779,-0.9834332660912902,-0.8749394157917932,-0.8696439259499358,1.27268197481467,1.0
0.5206678245921419,-0.16172246262369774,-0.9199601782273779,-0.9834332660912902,-0.8749394157917932,-0.8696439259499358,0.05329990153914288,1.27268197481467,0.0
-0.16172246262369774,-0.9199601782273779,-0.9834332660912902,-0.8749394157917932,-0.8696439259499358,0.05329990153914288,1.27268197481467,0.48725710517753673,3.0
-0.9199601782273779,-0.9834332660912902,-0.8749394157917932,-0.8696439259499358,0.05329990153914288,1.27268197481467,0.36808128739635493,0.48725710517753673,2.0
-0.9834332660912902,-0.8749394157917932,-0.8696439259499358,0.05329990153914288,1.27268197481467,0.36808128739635493,0.3574357150338582,0.48725710517753673,1.0
-0.8749394157917932,-0.8696439259499358,0.05329990153914288,1.27268197481467,0.36808128739635493,0.3574357150338582,-0.4933183935457766,0.8664942471167377,6.0
-0.8696439259499358,0.05329990153914288,1.27268197481467,0.36808128739635493,0.3574357150338582,-0.4933183935457766,0.48725710517753673,0.8664942471167377,5.0
0.05329990153914288,1.27268197481467,0.36808128739635493,0.3574357150338582,-0.4933183935457766,0.48725710517753673,-0.8330304360467846,0.8664942471167377,4.0
1.27268197481467,0.36808128739635493,0.3574357150338582,-0.4933183935457766,0.48725710517753673,-0.8330304360467846,-0.8359420455818265,0.8664942471167377,3.0
0.36808128739635493,0.3574357150338582,-0.4933183935457766,0.48725710517753673,-0.8330304360467846,-0.8359420455818265,-0.9691481818099912,0.8664942471167377,2.0
0.3574357150338582,-0.4933183935457766,0.48725710517753673,-0.8330304360467846,-0.8359420455818265,-0.9691481818099912,-0.5298590932105518,0.8664942471167377,1.0
-0.4933183935457766,0.48725710517753673,-0.8330304360467846,-0.8359420455818265,-0.9691481818099912,-0.5298590932105518,-0.6824456304063389,0.8664942471167377,0.0
0.48725710517753673,-0.8330304360467846,-0.8359420455818265,-0.9691481818099912,-0.5298590932105518,-0.6824456304063389,0.8664942471167377,0.22475730803391983,6.0
-0.8330304360467846,-0.8359420455818265,-0.9691481818099912,-0.5298590932105518,-0.6824456304063389,0.8664942471167377,-0.5116979287357284,0.4806877861640986,6.0
-0.8359420455818265,-0.9691481818099912,-0.5298590932105518,-0.6824456304063389,0.8664942471167377,-0.5116979287357284,-0.6696527460117487,0.6232838631427732,6.0
-0.9691481818099912,-0.5298590932105518,-0.6824456304063389,0.8664942471167377,-0.5116979287357284,-0.6696527460117487,-0.6389170678574632,0.6232838631427732,5.0
-0.5298590932105518,-0.6824456304063389,0.8664942471167377,-0.5116979287357284,-0.6696527460117487,-0.6389170678574632,-0.8158155446708496,0.6232838631427732,4.0
-0.6824456304063389,0.8664942471167377,-0.5116979287357284,-0.6696527460117487,-0.6389170678574632,-0.8158155446708496,-0.8376162210644755,0.6232838631427732,3.0
0.8664942471167377,-0.5116979287357284,-0.6696527460117487,-0.6389170678574632,-0.8158155446708496,-0.8376162210644755,-0.9210884269222066,0.6232838631427732,2.0
-0.5116979287357284,-0.6696527460117487,-0.6389170678574632,-0.8158155446708496,-0.8376162210644755,-0.9210884269222066,0.22475730803391983,0.6232838631427732,1.0
-0.6696527460117487,-0.6389170678574632,-0.8158155446708496,-0.8376162210644755,-0.9210884269222066,0.22475730803391983,0.4806877861640986,0.6232838631427732,0.0
-0.6389170678574632,-0.8158155446708496,-0.8376162210644755,-0.9210884269222066,0.22475730803391983,0.4806877861640986,0.6232838631427732,0.30957613330160766,6.0
-0.8158155446708496,-0.8376162210644755,-0.9210884269222066,0.22475730803391983,0.4806877861640986,0.6232838631427732,-0.2522917167230934,0.30957613330160766,5.0
-0.8376162210644755,-0.9210884269222066,0.22475730803391983,0.4806877861640986,0.6232838631427732,-0.2522917167230934,-0.7029360825091959,0.30957613330160766,4.0
-0.9210884269222066,0.22475730803391983,0.4806877861640986,0.6232838631427732,-0.2522917167230934,-0.7029360825091959,-0.2628644988472141,0.30957613330160766,3.0
0.22475730803391983,0.4806877861640986,0.6232838631427732,-0.2522917167230934,-0.7029360825091959,-0.2628644988472141,-0.5573920008762914,0.30957613330160766,2.0
0.4806877861640986,0.6232838631427732,-0.2522917167230934,-0.7029360825091959,-0.2628644988472141,-0.5573920008762914,-0.2746383199045396,0.30957613330160766,1.0
0.6232838631427732,-0.2522917167230934,-0.7029360825091959,-0.2628644988472141,-0.5573920008762914,-0.2746383199045396,-0.5590479787993464,0.30957613330160766,0.0
-0.2522917167230934,-0.7029360825091959,-0.2628644988472141,-0.5573920008762914,-0.2746383199045396,-0.5590479787993464,0.30957613330160766,-0.03226502367189944,5.0
-0.7029360825091959,-0.2628644988472141,-0.5573920008762914,-0.2746383199045396,-0.5590479787993464,0.30957613330160766,-0.43306627373000434,-0.03226502367189944,4.0
-0.2628644988472141,-0.5573920008762914,-0.2746383199045396,-0.5590479787993464,0.30957613330160766,-0.43306627373000434,-0.8962487580763807,-0.03226502367189944,3.0
-0.5573920008762914,-0.2746383199045396,-0.5590479787993464,0.30957613330160766,-0.43306627373000434,-0.8962487580763807,-0.6760218918696528,-0.03226502367189944,2.0
-0.2746383199045396,-0.5590479787993464,0.30957613330160766,-0.43306627373000434,-0.8962487580763807,-0.6760218918696528,-0.7751621965378278,-0.03226502367189944,1.0
-0.5590479787993464,0.30957613330160766,-0.43306627373000434,-0.8962487580763807,-0.6760218918696528,-0.7751621965378278,-0.6156969818155045,-0.03226502367189944,0.0
0.30957613330160766,-0.43306627373000434,-0.8962487580763807,-0.6760218918696528,-0.7751621965378278,-0.6156969818155045,-0.03226502367189944,-0.344425960947574,5.0
-0.43306627373000434,-0.8962487580763807,-0.6760218918696528,-0.7751621965378278,-0.6156969818155045,-0.03226502367189944,-0.8003658165755339,-0.344425960947574,4.0
-0.8962487580763807,-0.6760218918696528,-0.7751621965378278,-0.6156969818155045,-0.03226502367189944,-0.8003658165755339,-0.6151874501468722,-0.344425960947574,3.0
-0.6760218918696528,-0.7751621965378278,-0.6156969818155045,-0.03226502367189944,-0.8003658165755339,-0.6151874501468722,-0.8374888381473174,-0.344425960947574,2.0
-0.7751621965378278,-0.6156969818155045,-0.03226502367189944,-0.8003658165755339,-0.6151874501468722,-0.8374888381473174,-0.8411647451853077,-0.344425960947574,1.0
-0.6156969818155045,-0.03226502367189944,-0.8003658165755339,-0.6151874501468722,-0.8374888381473174,-0.8411647451853077,-0.8238042733326207,-0.344425960947574,0.0
-0.03226502367189944,-0.8003658165755339,-0.6151874501468722,-0.8374888381473174,-0.8411647451853077,-0.8238042733326207,-0.344425960947574,-0.7005522022023803,5.0
-0.8003658165755339,-0.6151874501468722,-0.8374888381473174,-0.8411647451853077,-0.8238042733326207,-0.344425960947574,-0.7797661791151128,-0.7005522022023803,4.0
-0.6151874501468722,-0.8374888381473174,-0.8411647451853077,-0.8238042733326207,-0.344425960947574,-0.7797661791151128,-0.8621465313972031,-0.7005522022023803,3.0
-0.8374888381473174,-0.8411647451853077,-0.8238042733326207,-0.344425960947574,-0.7797661791151128,-0.8621465313972031,-0.7513051959100786,-0.7005522022023803,2.0
-0.8411647451853077,-0.8238042733326207,-0.344425960947574,-0.7797661791151128,-0.8621465313972031,-0.7513051959100786,-0.8522652565376547,-0.7005522022023803,1.0
-0.8238042733326207,-0.344425960947574,-0.7797661791151128,-0.8621465313972031,-0.7513051959100786,-0.8522652565376547,-0.9287677970708795,-0.5875271595639745,6.0
-0.344425960947574,-0.7797661791151128,-0.8621465313972031,-0.7513051959100786,-0.8522652565376547,-0.9287677970708795,-0.7005522022023803,-0.5875271595639745,5.0
-0.7797661791151128,-0.8621465313972031,-0.7513051959100786,-0.8522652565376547,-0.9287677970708795,-0.7005522022023803,-0.8482617934269723,-0.5875271595639745,4.0
-0.8621465313972031,-0.7513051959100786,-0.8522652565376547,-0.9287677970708795,-0.7005522022023803,-0.8482617934269723,-0.970440208541166,-0.5875271595639745,3.0
-0.7513051959100786,-0.8522652565376547,-0.9287677970708795,-0.7005522022023803,-0.8482617934269723,-0.970440208541166,-0.8781785813995273,-0.5875271595639745,2.0
-0.8522652565376547,-0.9287677970708795,-0.7005522022023803,-0.8482617934269723,-0.970440208541166,-0.8781785813995273,-0.8521560711800907,-0.5875271595639745,1.0
-0.9287677970708795,-0.7005522022023803,-0.8482617934269723,-0.970440208541166,-0.8781785813995273,-0.8521560711800907,-0.7418970575999747,-0.5875271595639745,0.0
-0.7005522022023803,-0.8482617934269723,-0.970440208541166,-0.8781785813995273,-0.8521560711800907,-0.7418970575999747,-0.5875271595639745,-0.5937689225047205,5.0
-0.8482617934269723,-0.970440208541166,-0.8781785813995273,-0.8521560711800907,-0.7418970575999747,-0.5875271595639745,-0.7924862732713268,-0.5937689225047205,4.0
-0.970440208541166,-0.8781785813995273,-0.8521560711800907,-0.7418970575999747,-0.5875271595639745,-0.7924862732713268,-0.8132132936489059,-0.5937689225047205,3.0
-0.8781785813995273,-0.8521560711800907,-0.7418970575999747,-0.5875271595639745,-0.7924862732713268,-0.8132132936489059,-0.8118666742389491,-0.5937689225047205,2.0
-0.8521560711800907,-0.7418970575999747,-0.5875271595639745,-0.7924862732713268,-0.8132132936489059,-0.8118666742389491,-0.9132998714159696,-0.4054059831471068,6.0
-0.7418970575999747,-0.5875271595639745,-0.7924862732713268,-0.8132132936489059,-0.8118666742389491,-0.9132998714159696,-0.8311014947298193,-0.4054059831471068,5.0
-0.5875271595639745,-0.7924862732713268,-0.8132132936489059,-0.8118666742389491,-0.9132998714159696,-0.8311014947298193,-0.5937689225047205,-0.4054059831471068,4.0
-0.7924862732713268,-0.8132132936489059,-0.8118666742389491,-0.9132998714159696,-0.8311014947298193,-0.5937689225047205,-0.7470651645246739,-0.4054059831471068,3.0
-0.8132132936489059,-0.8118666742389491,-0.9132998714159696,-0.8311014947298193,-0.5937689225047205,-0.7470651645246739,-0.8929368022302706,-0.4054059831471068,2.0
-0.8118666742389491,-0.9132998714159696,-0.8311014947298193,-0.5937689225047205,-0.7470651645246739,-0.8929368022302706,-0.8938466802099713,-0.4054059831471068,1.0
-0.9132998714159696,-0.8311014947298193,-0.5937689225047205,-0.7470651645246739,-0.8929368022302706,-0.8938466802099713,-0.8052063674275409,-0.4054059831471068,0.0
-0.8311014947298193,-0.5937689225047205,-0.7470651645246739,-0.8929368022302706,-0.8938466802099713,-0.8052063674275409,-0.4054059831471068,-0.7659906265024459,6.0
-0.5937689225047205,-0.7470651645246739,-0.8929368022302706,-0.8938466802099713,-0.8052063674275409,-0.4054059831471068,-0.8283354656715296,-0.7659906265024459,5.0
-0.7470651645246739,-0.8929368022302706,-0.8938466802099713,-0.8052063674275409,-0.4054059831471068,-0.8283354656715296,-0.7665911459690484,-0.7659906265024459,4.0
-0.8929368022302706,-0.8938466802099713,-0.8052063674275409,-0.4054059831471068,-0.8283354656715296,-0.7665911459690484,-0.9609046873139038,-0.7659906265024459,3.0
-0.8938466802099713,-0.8052063674275409,-0.4054059831471068,-0.8283354656715296,-0.7665911459690484,-0.9609046873139038,-0.9262929289660938,-0.7659906265024459,2.0
-0.8052063674275409,-0.4054059831471068,-0.8283354656715296,-0.7665911459690484,-0.9609046873139038,-0.9262929289660938,-0.8443129229950718,-0.7659906265024459,1.0
-0.4054059831471068,-0.8283354656715296,-0.7665911459690484,-0.9609046873139038,-0.9262929289660938,-0.8443129229950718,-0.8884965976893318,-0.6120574698967021,6.0
-0.8283354656715296,-0.7665911459690484,-0.9609046873139038,-0.9262929289660938,-0.8443129229950718,-0.8884965976893318,-0.7659906265024459,-0.6120574698967021,5.0
-0.7665911459690484,-0.9609046873139038,-0.9262929289660938,-0.8443129229950718,-0.8884965976893318,-0.7659906265024459,-0.9508050417392274,-0.6120574698967021,4.0
-0.9609046873139038,-0.9262929289660938,-0.8443129229950718,-0.8884965976893318,-0.7659906265024459,-0.9508050417392274,-0.9007617528556957,-0.6120574698967021,3.0
-0.9262929289660938,-0.8443129229950718,-0.8884965976893318,-0.7659906265024459,-0.9508050417392274,-0.9007617528556957,-0.8314290508025116,-0.6120574698967021,2.0
-0.8443129229950718,-0.8884965976893318,-0.7659906265024459,-0.9508050417392274,-0.9007617528556957,-0.8314290508025116,-0.8206378979632626,-0.6120574698967021,1.0
-0.8884965976893318,-0.7659906265024459,-0.9508050417392274,-0.9007617528556957,-0.8314290508025116,-0.8206378979632626,-0.8752123791857034,-0.6120574698967021,0.0
-0.7659906265024459,-0.9508050417392274,-0.9007617528556957,-0.8314290508025116,-0.8206378979632626,-0.8752123791857034,-0.6120574698967021,-0.42323959154923807,6.0
-0.9508050417392274,-0.9007617528556957,-0.8314290508025116,-0.8206378979632626,-0.8752123791857034,-0.6120574698967021,-0.8219481222540316,-0.42323959154923807,5.0
-0.9007617528556957,-0.8314290508025116,-0.8206378979632626,-0.8752123791857034,-0.6120574698967021,-0.8219481222540316,-0.7923952854733568,-0.42323959154923807,4.0
-0.8314290508025116,-0.8206378979632626,-0.8752123791857034,-0.6120574698967021,-0.8219481222540316,-0.7923952854733568,-0.9205425001343863,-0.42323959154923807,3.0
-0.8206378979632626,-0.8752123791857034,-0.6120574698967021,-0.8219481222540316,-0.7923952854733568,-0.9205425001343863,-0.8848752833301236,-0.42323959154923807,2.0
-0.8752123791857034,-0.6120574698967021,-0.8219481222540316,-0.7923952854733568,-0.9205425001343863,-0.8848752833301236,-0.858670797514747,-0.42323959154923807,1.0
-0.6120574698967021,-0.8219481222540316,-0.7923952854733568,-0.9205425001343863,-0.8848752833301236,-0.858670797514747,-0.7893562930211568,-0.42323959154923807,0.0
-0.8219481222540316,-0.7923952854733568,-0.9205425001343863,-0.8848752833301236,-0.858670797514747,-0.7893562930211568,-0.42323959154923807,-0.41779852123062866,6.0
-0.7923952854733568,-0.9205425001343863,-0.8848752833301236,-0.858670797514747,-0.7893562930211568,-0.42323959154923807,-0.5492030990589862,-0.39769021787924586,6.0
-0.9205425001343863,-0.8848752833301236,-0.858670797514747,-0.7893562930211568,-0.42323959154923807,-0.5492030990589862,-0.9006525674981316,-0.39769021787924586,5.0
-0.8848752833301236,-0.858670797514747,-0.7893562930211568,-0.42323959154923807,-0.5492030990589862,-0.9006525674981316,-0.9416152741442517,-0.39650737650563506,6.0
-0.858670797514747,-0.7893562930211568,-0.42323959154923807,-0.5492030990589862,-0.9006525674981316,-0.9416152741442517,-1.0265432847695035,-0.39650737650563506,5.0
-0.7893562930211568,-0.42323959154923807,-0.5492030990589862,-0.9006525674981316,-0.9416152741442517,-1.0265432847695035,-1.022539821658821,-0.39650737650563506,4.0
-0.42323959154923807,-0.5492030990589862,-0.9006525674981316,-0.9416152741442517,-1.0265432847695035,-1.022539821658821,-0.9763544154092199,-0.39650737650563506,3.0
-0.5492030990589862,-0.9006525674981316,-0.9416152741442517,-1.0265432847695035,-1.022539821658821,-0.9763544154092199,-0.41779852123062866,-0.39650737650563506,2.0
-0.9006525674981316,-0.9416152741442517,-1.0265432847695035,-1.022539821658821,-0.9763544154092199,-0.41779852123062866,-0.39769021787924586,-0.3242084722386271,6.0
-0.9416152741442517,-1.0265432847695035,-1.022539821658821,-0.9763544154092199,-0.41779852123062866,-0.39769021787924586,-0.5188313720965808,-0.3242084722386271,5.0
-1.0265432847695035,-1.022539821658821,-0.9763544154092199,-0.41779852123062866,-0.39769021787924586,-0.5188313720965808,-0.39650737650563506,-0.3242084722386271,4.0
-1.022539821658821,-0.9763544154092199,-0.41779852123062866,-0.39769021787924586,-0.5188313720965808,-0.39650737650563506,-0.7812947741210098,-0.3242084722386271,3.0
-0.9763544154092199,-0.41779852123062866,-0.39769021787924586,-0.5188313720965808,-0.39650737650563506,-0.7812947741210098,-0.7762722476730625,-0.3242084722386271,2.0
-0.41779852123062866,-0.39769021787924586,-0.5188313720965808,-0.39650737650563506,-0.7812947741210098,-0.7762722476730625,-0.8282444778735595,-0.3242084722386271,1.0
-0.39769021787924586,-0.5188313720965808,-0.39650737650563506,-0.7812947741210098,-0.7762722476730625,-0.8282444778735595,-0.7557635980106115,-0.3242084722386271,0.0
-0.5188313720965808,-0.39650737650563506,-0.7812947741210098,-0.7762722476730625,-0.8282444778735595,-0.7557635980106115,-0.3242084722386271,-0.5138088456486336,2.0
-0.39650737650563506,-0.7812947741210098,-0.7762722476730625,-0.8282444778735595,-0.7557635980106115,-0.3242084722386271,-0.7594577026081959,-0.5138088456486336,1.0
-0.7812947741210098,-0.7762722476730625,-0.8282444778735595,-0.7557635980106115,-0.3242084722386271,-0.7594577026081959,-0.6547489447042533,-0.5138088456486336,0.0
-0.7762722476730625,-0.8282444778735595,-0.7557635980106115,-0.3242084722386271,-0.7594577026081959,-0.6547489447042533,-0.5138088456486336,-0.6094734164343524,3.0
-0.8282444778735595,-0.7557635980106115,-0.3242084722386271,-0.7594577026081959,-0.6547489447042533,-0.5138088456486336,-0.8420928207246023,-0.6094734164343524,2.0
-0.7557635980106115,-0.3242084722386271,-0.7594577026081959,-0.6547489447042533,-0.5138088456486336,-0.8420928207246023,-0.8034412041469218,-0.6094734164343524,1.0
-0.3242084722386271,-0.7594577026081959,-0.6547489447042533,-0.5138088456486336,-0.8420928207246023,-0.8034412041469218,-0.646651030684918,-0.6094734164343524,0.0
-0.7594577026081959,-0.6547489447042533,-0.5138088456486336,-0.8420928207246023,-0.8034412041469218,-0.646651030684918,-0.6094734164343524,-0.5889101740931194,6.0
-0.6547489447042533,-0.5138088456486336,-0.8420928207246023,-0.8034412041469218,-0.646651030684918,-0.6094734164343524,-0.8393813843450946,-0.5889101740931194,5.0
-0.5138088456486336,-0.8420928207246023,-0.8034412041469218,-0.646651030684918,-0.6094734164343524,-0.8393813843450946,-0.8375434308260994,-0.5889101740931194,4.0
-0.8420928207246023,-0.8034412041469218,-0.646651030684918,-0.6094734164343524,-0.8393813843450946,-0.8375434308260994,-0.7640980803046687,-0.5889101740931194,3.0
-0.8034412041469218,-0.646651030684918,-0.6094734164343524,-0.8393813843450946,-0.8375434308260994,-0.7640980803046687,-0.83532332855563,-0.5889101740931194,2.0
-0.646651030684918,-0.6094734164343524,-0.8393813843450946,-0.8375434308260994,-0.7640980803046687,-0.83532332855563,-0.77861973286069,-0.5889101740931194,1.0
-0.6094734164343524,-0.8393813843450946,-0.8375434308260994,-0.7640980803046687,-0.83532332855563,-0.77861973286069,-0.9016534332758022,-0.5889101740931194,0.0
-0.8393813843450946,-0.8375434308260994,-0.7640980803046687,-0.83532332855563,-0.77861973286069,-0.9016534332758022,-0.5889101740931194,-0.5312057126205088,6.0
-0.8375434308260994,-0.7640980803046687,-0.83532332855563,-0.77861973286069,-0.9016534332758022,-0.5889101740931194,-0.9827417588267179,-0.5312057126205088,5.0
-0.7640980803046687,-0.83532332855563,-0.77861973286069,-0.9016534332758022,-0.5889101740931194,-0.9827417588267179,-0.9827235612671237,-0.5312057126205088,4.0
-0.83532332855563,-0.77861973286069,-0.9016534332758022,-0.5889101740931194,-0.9827417588267179,-0.9827235612671237,-0.9785199250009071,-0.5312057126205088,3.0
-0.77861973286069,-0.9016534332758022,-0.5889101740931194,-0.9827417588267179,-0.9827235612671237,-0.9785199250009071,-0.9803123846209173,-0.5000878857147489,6.0
-0.9016534332758022,-0.5889101740931194,-0.9827417588267179,-0.9827235612671237,-0.9785199250009071,-0.9803123846209173,-0.9801213102451801,-0.5000878857147489,5.0
-0.5889101740931194,-0.9827417588267179,-0.9827235612671237,-0.9785199250009071,-0.9803123846209173,-0.9801213102451801,-0.8195824395068101,-0.5000878857147489,4.0
-0.9827417588267179,-0.9827235612671237,-0.9785199250009071,-0.9803123846209173,-0.9801213102451801,-0.8195824395068101,-0.5312057126205088,-0.5000878857147489,3.0
-0.9827235612671237,-0.9785199250009071,-0.9803123846209173,-0.9801213102451801,-0.8195824395068101,-0.5312057126205088,-0.6830461498729413,-0.5000878857147489,2.0
-0.9785199250009071,-0.9803123846209173,-0.9801213102451801,-0.8195824395068101,-0.5312057126205088,-0.6830461498729413,-0.7028086995920378,-0.5000878857147489,1.0
-0.9803123846209173,-0.9801213102451801,-0.8195824395068101,-0.5312057126205088,-0.6830461498729413,-0.7028086995920378,-0.6280713223394323,-0.5000878857147489,0.0
-0.9801213102451801,-0.8195824395068101,-0.5312057126205088,-0.6830461498729413,-0.7028086995920378,-0.6280713223394323,-0.5000878857147489,-0.6645392317658314,3.0
-0.8195824395068101,-0.5312057126205088,-0.6830461498729413,-0.7028086995920378,-0.6280713223394323,-0.5000878857147489,-0.8197826126623442,-0.6645392317658314,2.0
-0.5312057126205088,-0.6830461498729413,-0.7028086995920378,-0.6280713223394323,-0.5000878857147489,-0.8197826126623442,-0.7814767497169498,-0.6645392317658314,1.0
-0.6830461498729413,-0.7028086995920378,-0.6280713223394323,-0.5000878857147489,-0.8197826126623442,-0.7814767497169498,-0.8612184558579085,-0.6645392317658314,0.0
-0.7028086995920378,-0.6280713223394323,-0.5000878857147489,-0.8197826126623442,-0.7814767497169498,-0.8612184558579085,-0.6645392317658314,-0.6947835758110787,2.0
-0.6280713223394323,-0.5000878857147489,-0.8197826126623442,-0.7814767497169498,-0.8612184558579085,-0.6645392317658314,-0.8497175981944932,-0.6947835758110787,1.0
-0.5000878857147489,-0.8197826126623442,-0.7814767497169498,-0.8612184558579085,-0.6645392317658314,-0.8497175981944932,-0.7764724208285967,-0.6947835758110787,0.0
-0.8197826126623442,-0.7814767497169498,-0.8612184558579085,-0.6645392317658314,-0.8497175981944932,-0.7764724208285967,-0.6947835758110787,-0.7933051634530573,6.0
-0.7814767497169498,-0.8612184558579085,-0.6645392317658314,-0.8497175981944932,-0.7764724208285967,-0.6947835758110787,-0.8782149765187153,-0.7933051634530573,5.0
-0.8612184558579085,-0.6645392317658314,-0.8497175981944932,-0.7764724208285967,-0.6947835758110787,-0.8782149765187153,-0.8426205499528286,-0.7933051634530573,4.0
-0.6645392317658314,-0.8497175981944932,-0.7764724208285967,-0.6947835758110787,-0.8782149765187153,-0.8426205499528286,-0.795943809594189,-0.7816769228724839,6.0
-0.8497175981944932,-0.7764724208285967,-0.6947835758110787,-0.8782149765187153,-0.8426205499528286,-0.795943809594189,-0.8757583059735238,-0.7816769228724839,5.0
-0.7764724208285967,-0.6947835758110787,-0.8782149765187153,-0.8426205499528286,-0.795943809594189,-0.8757583059735238,-0.899615306601273,-0.7816769228724839,4.0
-0.6947835758110787,-0.8782149765187153,-0.8426205499528286,-0.795943809594189,-0.8757583059735238,-0.899615306601273,-0.8417652646519102,-0.7816769228724839,3.0
-0.8782149765187153,-0.8426205499528286,-0.795943809594189,-0.8757583059735238,-0.899615306601273,-0.8417652646519102,-0.7933051634530573,-0.7816769228724839,2.0
-0.8426205499528286,-0.795943809594189,-0.8757583059735238,-0.899615306601273,-0.8417652646519102,-0.7933051634530573,-0.8439853669223796,-0.7816769228724839,1.0
-0.795943809594189,-0.8757583059735238,-0.899615306601273,-0.8417652646519102,-0.7933051634530573,-0.8439853669223796,-0.8981049091549699,-0.7816769228724839,0.0
-0.8757583059735238,-0.899615306601273,-0.8417652646519102,-0.7933051634530573,-0.8439853669223796,-0.8981049091549699,-0.7816769228724839,-0.7055929262099215,6.0
-0.899615306601273,-0.8417652646519102,-0.7933051634530573,-0.8439853669223796,-0.8981049091549699,-0.7816769228724839,-0.8171257689616185,-0.7055929262099215,5.0
-0.8417652646519102,-0.7933051634530573,-0.8439853669223796,-0.8981049091549699,-0.7816769228724839,-0.8171257689616185,-0.8458597155605627,-0.7055929262099215,4.0
-0.7933051634530573,-0.8439853669223796,-0.8981049091549699,-0.7816769228724839,-0.8171257689616185,-0.8458597155605627,-0.8628198411021816,-0.7055929262099215,3.0
-0.8439853669223796,-0.8981049091549699,-0.7816769228724839,-0.8171257689616185,-0.8458597155605627,-0.8628198411021816,-0.8907166999598012,-0.7055929262099215,2.0
-0.8981049091549699,-0.7816769228724839,-0.8171257689616185,-0.8458597155605627,-0.8628198411021816,-0.8907166999598012,-0.9097695448547313,-0.7055929262099215,1.0
-0.7816769228724839,-0.8171257689616185,-0.8458597155605627,-0.8628198411021816,-0.8907166999598012,-0.9097695448547313,-0.8074446672576044,-0.7055929262099215,0.0
-0.8171257689616185,-0.8458597155605627,-0.8628198411021816,-0.8907166999598012,-0.9097695448547313,-0.8074446672576044,-0.7055929262099215,-0.7334897850675414,6.0
-0.8458597155605627,-0.8628198411021816,-0.8907166999598012,-0.9097695448547313,-0.8074446672576044,-0.7055929262099215,-0.8098649426836079,-0.7334897850675414,5.0
-0.8628198411021816,-0.8907166999598012,-0.9097695448547313,-0.8074446672576044,-0.7055929262099215,-0.8098649426836079,-0.8685338748147011,-0.7334897850675414,4.0
-0.8907166999598012,-0.9097695448547313,-0.8074446672576044,-0.7055929262099215,-0.8098649426836079,-0.8685338748147011,-0.8834922688009786,-0.7334897850675414,3.0
-0.9097695448547313,-0.8074446672576044,-0.7055929262099215,-0.8098649426836079,-0.8685338748147011,-0.8834922688009786,-0.9412149278331833,-0.7334897850675414,2.0
-0.8074446672576044,-0.7055929262099215,-0.8098649426836079,-0.8685338748147011,-0.8834922688009786,-0.9412149278331833,-0.8865494588127726,-0.7334897850675414,1.0
-0.7055929262099215,-0.8098649426836079,-0.8685338748147011,-0.8834922688009786,-0.9412149278331833,-0.8865494588127726,-0.9198327953102198,-0.7334897850675414,0.0
-0.8098649426836079,-0.8685338748147011,-0.8834922688009786,-0.9412149278331833,-0.8865494588127726,-0.9198327953102198,-0.7334897850675414,-0.6677420022543775,6.0
-0.8685338748147011,-0.8834922688009786,-0.9412149278331833,-0.8865494588127726,-0.9198327953102198,-0.7334897850675414,-0.8989965895750766,-0.6281259150182144,6.0
-0.8834922688009786,-0.9412149278331833,-0.8865494588127726,-0.9198327953102198,-0.7334897850675414,-0.8989965895750766,-0.8988692066579185,-0.6281259150182144,5.0
-0.9412149278331833,-0.8865494588127726,-0.9198327953102198,-0.7334897850675414,-0.8989965895750766,-0.8988692066579185,-0.9193232636415875,-0.6281259150182144,4.0
-0.8865494588127726,-0.9198327953102198,-0.7334897850675414,-0.8989965895750766,-0.8988692066579185,-0.9193232636415875,-0.7736699966511189,-0.6281259150182144,3.0
-0.9198327953102198,-0.7334897850675414,-0.8989965895750766,-0.8988692066579185,-0.9193232636415875,-0.7736699966511189,-0.7701760652090687,-0.6281259150182144,2.0
-0.7334897850675414,-0.8989965895750766,-0.8988692066579185,-0.9193232636415875,-0.7736699966511189,-0.7701760652090687,-0.7563823150368079,-0.6281259150182144,1.0
-0.8989965895750766,-0.8988692066579185,-0.9193232636415875,-0.7736699966511189,-0.7701760652090687,-0.7563823150368079,-0.6677420022543775,-0.6281259150182144,0.0
-0.8988692066579185,-0.9193232636415875,-0.7736699966511189,-0.7701760652090687,-0.7563823150368079,-0.6677420022543775,-0.6281259150182144,-0.770631004198919,2.0
-0.9193232636415875,-0.7736699966511189,-0.7701760652090687,-0.7563823150368079,-0.6677420022543775,-0.6281259150182144,-0.8187271542058916,-0.770631004198919,1.0
-0.7736699966511189,-0.7701760652090687,-0.7563823150368079,-0.6677420022543775,-0.6281259150182144,-0.8187271542058916,-0.8442401327566957,-0.770631004198919,0.0
-0.7701760652090687,-0.7563823150368079,-0.6677420022543775,-0.6281259150182144,-0.8187271542058916,-0.8442401327566957,-0.770631004198919,-0.7401318943193554,6.0
-0.7563823150368079,-0.6677420022543775,-0.6281259150182144,-0.8187271542058916,-0.8442401327566957,-0.770631004198919,-0.8455685546070586,-0.7401318943193554,5.0
-0.6677420022543775,-0.6281259150182144,-0.8187271542058916,-0.8442401327566957,-0.770631004198919,-0.8455685546070586,-0.9870909755696866,-0.7401318943193554,4.0
-0.6281259150182144,-0.8187271542058916,-0.8442401327566957,-0.770631004198919,-0.8455685546070586,-0.9870909755696866,-0.8531933320769495,-0.5169934185775856,6.0
-0.8187271542058916,-0.8442401327566957,-0.770631004198919,-0.8455685546070586,-0.9870909755696866,-0.8531933320769495,-0.9030546453645412,-0.5169934185775856,5.0
-0.8442401327566957,-0.770631004198919,-0.8455685546070586,-0.9870909755696866,-0.8531933320769495,-0.9030546453645412,-0.9712045060441145,-0.5169934185775856,4.0
-0.770631004198919,-0.8455685546070586,-0.9870909755696866,-0.8531933320769495,-0.9030546453645412,-0.9712045060441145,-0.8799073495609583,-0.5169934185775856,3.0
-0.8455685546070586,-0.9870909755696866,-0.8531933320769495,-0.9030546453645412,-0.9712045060441145,-0.8799073495609583,-0.7401318943193554,-0.5169934185775856,2.0
-0.9870909755696866,-0.8531933320769495,-0.9030546453645412,-0.9712045060441145,-0.8799073495609583,-0.7401318943193554,-0.8989783920154825,-0.5169934185775856,1.0
-0.8531933320769495,-0.9030546453645412,-0.9712045060441145,-0.8799073495609583,-0.7401318943193554,-0.8989783920154825,-0.827552970608987,-0.5169934185775856,0.0
-0.9030546453645412,-0.9712045060441145,-0.8799073495609583,-0.7401318943193554,-0.8989783920154825,-0.827552970608987,-0.5169934185775856,-0.5335168026889481,5.0
-0.9712045060441145,-0.8799073495609583,-0.7401318943193554,-0.8989783920154825,-0.827552970608987,-0.5169934185775856,-0.7494308472718955,-0.5335168026889481,4.0
-0.8799073495609583,-0.7401318943193554,-0.8989783920154825,-0.827552970608987,-0.5169934185775856,-0.7494308472718955,-0.8441309473991316,-0.5335168026889481,3.0
-0.7401318943193554,-0.8989783920154825,-0.827552970608987,-0.5169934185775856,-0.7494308472718955,-0.8441309473991316,-0.8331942140831307,-0.5335168026889481,2.0
-0.8989783920154825,-0.827552970608987,-0.5169934185775856,-0.7494308472718955,-0.8441309473991316,-0.8331942140831307,-0.6197550376049691,-0.5335168026889481,1.0
-0.827552970608987,-0.5169934185775856,-0.7494308472718955,-0.8441309473991316,-0.8331942140831307,-0.6197550376049691,-0.7783831645859678,-0.5335168026889481,0.0
-0.5169934185775856,-0.7494308472718955,-0.8441309473991316,-0.8331942140831307,-0.6197550376049691,-0.7783831645859678,-0.5335168026889481,-0.8993059480881747,0.0
-0.7494308472718955,-0.8441309473991316,-0.8331942140831307,-0.6197550376049691,-0.7783831645859678,-0.5335168026889481,-0.8993059480881747,-0.9780285908918689,4.0
-0.8441309473991316,-0.8331942140831307,-0.6197550376049691,-0.7783831645859678,-0.5335168026889481,-0.8993059480881747,-0.9800849151259922,-0.797363219242522,6.0
-0.8331942140831307,-0.6197550376049691,-0.7783831645859678,-0.5335168026889481,-0.8993059480881747,-0.9800849151259922,-0.9794298029806078,-0.797363219242522,5.0
-0.6197550376049691,-0.7783831645859678,-0.5335168026889481,-0.8993059480881747,-0.9800849151259922,-0.9794298029806078,-0.9786655054776593,-0.67791443806743,6.0
-0.7783831645859678,-0.5335168026889481,-0.8993059480881747,-0.9800849151259922,-0.9794298029806078,-0.9786655054776593,-0.9788292835140052,-0.67791443806743,5.0
-0.5335168026889481,-0.8993059480881747,-0.9800849151259922,-0.9794298029806078,-0.9786655054776593,-0.9788292835140052,-0.9780285908918689,-0.67791443806743,4.0
-0.8993059480881747,-0.9800849151259922,-0.9794298029806078,-0.9786655054776593,-0.9788292835140052,-0.9780285908918689,-0.9787019005968473,-0.5036546073951752,6.0
-0.9800849151259922,-0.9794298029806078,-0.9786655054776593,-0.9788292835140052,-0.9780285908918689,-0.9787019005968473,-0.978246961606997,-0.4349042272489995,6.0
-0.9794298029806078,-0.9786655054776593,-0.9788292835140052,-0.9780285908918689,-0.9787019005968473,-0.978246961606997,-0.797363219242522,-0.4349042272489995,5.0
-0.9786655054776593,-0.9788292835140052,-0.9780285908918689,-0.9787019005968473,-0.978246961606997,-0.797363219242522,-0.8337947335497331,-0.4349042272489995,4.0
-0.9788292835140052,-0.9780285908918689,-0.9787019005968473,-0.978246961606997,-0.797363219242522,-0.8337947335497331,-0.67791443806743,0.1913283910597207,6.0
-0.9780285908918689,-0.9787019005968473,-0.978246961606997,-0.797363219242522,-0.8337947335497331,-0.67791443806743,-0.7252280930118601,0.1913283910597207,5.0
-0.9787019005968473,-0.978246961606997,-0.797363219242522,-0.8337947335497331,-0.67791443806743,-0.7252280930118601,-0.7807670448927834,0.1913283910597207,4.0
-0.978246961606997,-0.797363219242522,-0.8337947335497331,-0.67791443806743,-0.7252280930118601,-0.7807670448927834,-0.5036546073951752,0.1913283910597207,3.0
-0.797363219242522,-0.8337947335497331,-0.67791443806743,-0.7252280930118601,-0.7807670448927834,-0.5036546073951752,-0.4349042272489995,0.9365912466728703,6.0
-0.8337947335497331,-0.67791443806743,-0.7252280930118601,-0.7807670448927834,-0.5036546073951752,-0.4349042272489995,-0.6937827100334081,1.48946950225813,6.0
-0.67791443806743,-0.7252280930118601,-0.7807670448927834,-0.5036546073951752,-0.4349042272489995,-0.6937827100334081,-0.44675083854470105,1.48946950225813,5.0
-0.7252280930118601,-0.7807670448927834,-0.5036546073951752,-0.4349042272489995,-0.6937827100334081,-0.44675083854470105,0.1913283910597207,1.48946950225813,4.0
-0.7807670448927834,-0.5036546073951752,-0.4349042272489995,-0.6937827100334081,-0.44675083854470105,0.1913283910597207,0.1679991196601977,1.48946950225813,3.0
-0.5036546073951752,-0.4349042272489995,-0.6937827100334081,-0.44675083854470105,0.1913283910597207,0.1679991196601977,-0.07772252753774042,1.48946950225813,2.0
-0.4349042272489995,-0.6937827100334081,-0.44675083854470105,0.1913283910597207,0.1679991196601977,-0.07772252753774042,-0.27165392013112166,1.48946950225813,1.0
-0.6937827100334081,-0.44675083854470105,0.1913283910597207,0.1679991196601977,-0.07772252753774042,-0.27165392013112166,0.9365912466728703,1.48946950225813,0.0
-0.44675083854470105,0.1913283910597207,0.1679991196601977,-0.07772252753774042,-0.27165392013112166,0.9365912466728703,1.48946950225813,0.032445498244405735,0.0
0.1913283910597207,0.1679991196601977,-0.07772252753774042,-0.27165392013112166,0.9365912466728703,1.48946950225813,0.032445498244405735,-0.29425528914688404,2.0
0.1679991196601977,-0.07772252753774042,-0.27165392013112166,0.9365912466728703,1.48946950225813,0.032445498244405735,-0.9989739819845761,-0.29425528914688404,1.0
-0.07772252753774042,-0.27165392013112166,0.9365912466728703,1.48946950225813,0.032445498244405735,-0.9989739819845761,-0.8151422349658712,-0.24339311008162182,6.0
-0.27165392013112166,0.9365912466728703,1.48946950225813,0.032445498244405735,-0.9989739819845761,-0.8151422349658712,-0.29425528914688404,-0.24339311008162182,5.0
0.9365912466728703,1.48946950225813,0.032445498244405735,-0.9989739819845761,-0.8151422349658712,-0.29425528914688404,-0.9593214996292249,-0.24339311008162182,4.0
1.48946950225813,0.032445498244405735,-0.9989739819845761,-0.8151422349658712,-0.29425528914688404,-0.9593214996292249,-0.9934055287488086,-0.24339311008162182,3.0
0.032445498244405735,-0.9989739819845761,-0.8151422349658712,-0.29425528914688404,-0.9593214996292249,-0.9934055287488086,-1.016079688002947,-0.24339311008162182,2.0
-0.9989739819845761,-0.8151422349658712,-0.29425528914688404,-0.9593214996292249,-0.9934055287488086,-1.016079688002947,-1.0027408768205366,-0.24339311008162182,1.0
-0.8151422349658712,-0.29425528914688404,-0.9593214996292249,-0.9934055287488086,-1.016079688002947,-1.0027408768205366,-0.8547219270828464,2.010010694444831,6.0
-0.29425528914688404,-0.9593214996292249,-0.9934055287488086,-1.016079688002947,-1.0027408768205366,-0.8547219270828464,-0.24339311008162182,2.010010694444831,5.0
-0.9593214996292249,-0.9934055287488086,-1.016079688002947,-1.0027408768205366,-0.8547219270828464,-0.24339311008162182,-0.8661681920674797,2.010010694444831,4.0
-0.9934055287488086,-1.016079688002947,-1.0027408768205366,-0.8547219270828464,-0.24339311008162182,-0.8661681920674797,-0.6113113699533477,2.010010694444831,3.0
-1.016079688002947,-1.0027408768205366,-0.8547219270828464,-0.24339311008162182,-0.8661681920674797,-0.6113113699533477,-0.9664549429900774,2.010010694444831,2.0
-1.0027408768205366,-0.8547219270828464,-0.24339311008162182,-0.8661681920674797,-0.6113113699533477,-0.9664549429900774,-0.9523336367451244,2.010010694444831,1.0
-0.8547219270828464,-0.24339311008162182,-0.8661681920674797,-0.6113113699533477,-0.9664549429900774,-0.9523336367451244,-0.994042443334599,2.010010694444831,0.0
-0.24339311008162182,-0.8661681920674797,-0.6113113699533477,-0.9664549429900774,-0.9523336367451244,-0.994042443334599,2.010010694444831,1.1769082186713873,1.0
-0.8661681920674797,-0.6113113699533477,-0.9664549429900774,-0.9523336367451244,-0.994042443334599,2.010010694444831,0.48390875421223867,1.1769082186713873,0.0
-0.6113113699533477,-0.9664549429900774,-0.9523336367451244,-0.994042443334599,2.010010694444831,0.48390875421223867,1.1769082186713873,1.2040407800260584,6.0
-0.9664549429900774,-0.9523336367451244,-0.994042443334599,2.010010694444831,0.48390875421223867,1.1769082186713873,0.6793323466923288,1.2230026371230183,6.0
-0.9523336367451244,-0.994042443334599,2.010010694444831,0.48390875421223867,1.1769082186713873,0.6793323466923288,1.1292124149754827,1.4557312267708322,6.0
-0.994042443334599,2.010010694444831,0.48390875421223867,1.1769082186713873,0.6793323466923288,1.1292124149754827,0.11828338684935824,2.471082261878302,6.0
2.010010694444831,0.48390875421223867,1.1769082186713873,0.6793323466923288,1.1292124149754827,0.11828338684935824,0.048513943365917786,2.471082261878302,5.0
0.48390875421223867,1.1769082186713873,0.6793323466923288,1.1292124149754827,0.11828338684935824,0.048513943365917786,0.3842225227562433,2.471082261878302,4.0
1.1769082186713873,0.6793323466923288,1.1292124149754827,0.11828338684935824,0.048513943365917786,0.3842225227562433,1.1590200175904737,2.471082261878302,3.0
0.6793323466923288,1.1292124149754827,0.11828338684935824,0.048513943365917786,0.3842225227562433,1.1590200175904737,1.2040407800260584,2.471082261878302,2.0
1.1292124149754827,0.11828338684935824,0.048513943365917786,0.3842225227562433,1.1590200175904737,1.2040407800260584,1.2230026371230183,2.471082261878302,1.0
0.11828338684935824,0.048513943365917786,0.3842225227562433,1.1590200175904737,1.2040407800260584,1.2230026371230183,1.4557312267708322,2.471082261878302,0.0
0.048513943365917786,0.3842225227562433,1.1590200175904737,1.2040407800260584,1.2230026371230183,1.4557312267708322,2.471082261878302,0.7082118737680251,1.0
0.3842225227562433,1.1590200175904737,1.2040407800260584,1.2230026371230183,1.4557312267708322,2.471082261878302,0.11435271397705163,0.7082118737680251,0.0
1.1590200175904737,1.2040407800260584,1.2230026371230183,1.4557312267708322,2.471082261878302,0.11435271397705163,0.7082118737680251,0.5665438723286452,4.0
1.2040407800260584,1.2230026371230183,1.4557312267708322,2.471082261878302,0.11435271397705163,0.7082118737680251,0.5289841093266052,0.805459632238423,6.0
1.2230026371230183,1.4557312267708322,2.471082261878302,0.11435271397705163,0.7082118737680251,0.5289841093266052,0.46061587793190384,0.805459632238423,5.0
1.4557312267708322,2.471082261878302,0.11435271397705163,0.7082118737680251,0.5289841093266052,0.46061587793190384,0.38871731997596404,0.805459632238423,4.0
2.471082261878302,0.11435271397705163,0.7082118737680251,0.5289841093266052,0.46061587793190384,0.38871731997596404,0.41739667389612645,0.805459632238423,3.0
0.11435271397705163,0.7082118737680251,0.5289841093266052,0.46061587793190384,0.38871731997596404,0.41739667389612645,0.5665438723286452,0.8720263052333174,6.0
0.7082118737680251,0.5289841093266052,0.46061587793190384,0.38871731997596404,0.41739667389612645,0.5665438723286452,0.5636686579127912,0.8720263052333174,5.0
0.5289841093266052,0.46061587793190384,0.38871731997596404,0.41739667389612645,0.5665438723286452,0.5636686579127912,0.44960635437752683,2.072828670163359,6.0
0.46061587793190384,0.38871731997596404,0.41739667389612645,0.5665438723286452,0.5636686579127912,0.44960635437752683,0.805459632238423,2.072828670163359,5.0
0.38871731997596404,0.41739667389612645,0.5665438723286452,0.5636686579127912,0.44960635437752683,0.805459632238423,0.5438151203957248,2.072828670163359,4.0
0.41739667389612645,0.5665438723286452,0.5636686579127912,0.44960635437752683,0.805459632238423,0.5438151203957248,0.45148070301570997,2.2215573247252154,6.0
0.5665438723286452,0.5636686579127912,0.44960635437752683,0.805459632238423,0.5438151203957248,0.45148070301570997,0.5989173308463918,2.2215573247252154,5.0
0.5636686579127912,0.44960635437752683,0.805459632238423,0.5438151203957248,0.45148070301570997,0.5989173308463918,0.8720263052333174,2.2215573247252154,4.0
0.44960635437752683,0.805459632238423,0.5438151203957248,0.45148070301570997,0.5989173308463918,0.8720263052333174,0.8203270384267305,2.2215573247252154,3.0
0.805459632238423,0.5438151203957248,0.45148070301570997,0.5989173308463918,0.8720263052333174,0.8203270384267305,2.072828670163359,2.2215573247252154,2.0
0.5438151203957248,0.45148070301570997,0.5989173308463918,0.8720263052333174,0.8203270384267305,2.072828670163359,0.33326935589301093,2.2215573247252154,1.0
0.45148070301570997,0.5989173308463918,0.8720263052333174,0.8203270384267305,2.072828670163359,0.33326935589301093,0.5751695155762067,2.2215573247252154,0.0
0.5989173308463918,0.8720263052333174,0.8203270384267305,2.072828670163359,0.33326935589301093,0.5751695155762067,2.2215573247252154,1.8001746347662835,4.0
0.8720263052333174,0.8203270384267305,2.072828670163359,0.33326935589301093,0.5751695155762067,2.2215573247252154,1.540022322810294,2.0647125585844295,6.0
0.8203270384267305,2.072828670163359,0.33326935589301093,0.5751695155762067,2.2215573247252154,1.540022322810294,1.2138310670876367,2.0647125585844295,5.0
2.072828670163359,0.33326935589301093,0.5751695155762067,2.2215573247252154,1.540022322810294,1.2138310670876367,1.5614408504524455,2.0647125585844295,4.0
0.33326935589301093,0.5751695155762067,2.2215573247252154,1.540022322810294,1.2138310670876367,1.5614408504524455,1.4465232616162627,2.0647125585844295,3.0
0.5751695155762067,2.2215573247252154,1.540022322810294,1.2138310670876367,1.5614408504524455,1.4465232616162627,1.8001746347662835,2.0647125585844295,2.0
2.2215573247252154,1.540022322810294,1.2138310670876367,1.5614408504524455,1.4465232616162627,1.8001746347662835,1.7156651680116937,2.0647125585844295,1.0
1.540022322810294,1.2138310670876367,1.5614408504524455,1.4465232616162627,1.8001746347662835,1.7156651680116937,0.9377194953676989,2.0647125585844295,0.0
1.2138310670876367,1.5614408504524455,1.4465232616162627,1.8001746347662835,1.7156651680116937,0.9377194953676989,2.0647125585844295,1.5523056755362519,3.0
1.5614408504524455,1.4465232616162627,1.8001746347662835,1.7156651680116937,0.9377194953676989,2.0647125585844295,1.0380426414094848,1.7873999479312874,6.0
1.4465232616162627,1.8001746347662835,1.7156651680116937,0.9377194953676989,2.0647125585844295,1.0380426414094848,0.2198621645031307,1.7873999479312874,5.0
1.8001746347662835,1.7156651680116937,0.9377194953676989,2.0647125585844295,1.0380426414094848,0.2198621645031307,1.4208647025887062,1.7873999479312874,4.0
1.7156651680116937,0.9377194953676989,2.0647125585844295,1.0380426414094848,0.2198621645031307,1.4208647025887062,1.5523056755362519,1.7873999479312874,3.0
0.9377194953676989,2.0647125585844295,1.0380426414094848,0.2198621645031307,1.4208647025887062,1.5523056755362519,1.520823897438612,1.7873999479312874,2.0
2.0647125585844295,1.0380426414094848,0.2198621645031307,1.4208647025887062,1.5523056755362519,1.520823897438612,1.5232623704242094,1.7873999479312874,1.0
1.0380426414094848,0.2198621645031307,1.4208647025887062,1.5523056755362519,1.520823897438612,1.5232623704242094,1.4247225852226368,1.7873999479312874,0.0
0.2198621645031307,1.4208647025887062,1.5523056755362519,1.520823897438612,1.5232623704242094,1.4247225852226368,1.7873999479312874,1.6272796210635796,3.0
1.4208647025887062,1.5523056755362519,1.520823897438612,1.5232623704242094,1.4247225852226368,1.7873999479312874,0.16141160308716557,1.6272796210635796,2.0
1.5523056755362519,1.520823897438612,1.5232623704242094,1.4247225852226368,1.7873999479312874,0.16141160308716557,0.8493521459791787,1.6272796210635796,1.0
1.520823897438612,1.5232623704242094,1.4247225852226368,1.7873999479312874,0.16141160308716557,0.8493521459791787,0.7686459691797378,1.6272796210635796,0.0
1.5232623704242094,1.4247225852226368,1.7873999479312874,0.16141160308716557,0.8493521459791787,0.7686459691797378,1.6272796210635796,1.7795386021866741,6.0
1.4247225852226368,1.7873999479312874,0.16141160308716557,0.8493521459791787,0.7686459691797378,1.6272796210635796,1.6191089168058683,2.807172990020101,6.0
1.7873999479312874,0.16141160308716557,0.8493521459791787,0.7686459691797378,1.6272796210635796,1.6191089168058683,1.2161967498348583,2.807172990020101,5.0
0.16141160308716557,0.8493521459791787,0.7686459691797378,1.6272796210635796,1.6191089168058683,1.2161967498348583,0.8006372789460101,2.807172990020101,4.0
0.8493521459791787,0.7686459691797378,1.6272796210635796,1.6191089168058683,1.2161967498348583,0.8006372789460101,1.5472103588499289,2.807172990020101,3.0
0.7686459691797378,1.6272796210635796,1.6191089168058683,1.2161967498348583,0.8006372789460101,1.5472103588499289,1.569848122984879,3.0559700247894277,6.0
1.6272796210635796,1.6191089168058683,1.2161967498348583,0.8006372789460101,1.5472103588499289,1.569848122984879,1.255030342008479,3.0559700247894277,5.0
1.6191089168058683,1.2161967498348583,0.8006372789460101,1.5472103588499289,1.569848122984879,1.255030342008479,1.7795386021866741,3.0559700247894277,4.0
1.2161967498348583,0.8006372789460101,1.5472103588499289,1.569848122984879,1.255030342008479,1.7795386021866741,2.807172990020101,3.0559700247894277,3.0
0.8006372789460101,1.5472103588499289,1.569848122984879,1.255030342008479,1.7795386021866741,2.807172990020101,2.7652822078346873,3.0559700247894277,2.0
1.5472103588499289,1.569848122984879,1.255030342008479,1.7795386021866741,2.807172990020101,2.7652822078346873,1.5202233779720093,3.0559700247894277,1.0
1.569848122984879,1.255030342008479,1.7795386021866741,2.807172990020101,2.7652822078346873,1.5202233779720093,2.728777903289099,3.0559700247894277,0.0
1.255030342008479,1.7795386021866741,2.807172990020101,2.7652822078346873,1.5202233779720093,2.728777903289099,3.0559700247894277,2.369248718390213,0.0
1.7795386021866741,2.807172990020101,2.7652822078346873,1.5202233779720093,2.728777903289099,3.0559700247894277,2.369248718390213,2.237844140561856,3.0
2.807172990020101,2.7652822078346873,1.5202233779720093,2.728777903289099,3.0559700247894277,2.369248718390213,1.0564585717186246,2.237844140561856,2.0
2.7652822078346873,1.5202233779720093,2.728777903289099,3.0559700247894277,2.369248718390213,1.0564585717186246,1.139148282513813,2.2691985357423374,6.0
1.5202233779720093,2.728777903289099,3.0559700247894277,2.369248718390213,1.0564585717186246,1.139148282513813,1.502062213497186,2.2691985357423374,5.0
2.728777903289099,3.0559700247894277,2.369248718390213,1.0564585717186246,1.139148282513813,1.502062213497186,2.237844140561856,2.2691985357423374,4.0
3.0559700247894277,2.369248718390213,1.0564585717186246,1.139148282513813,1.502062213497186,2.237844140561856,0.7344527547025899,2.2691985357423374,3.0
2.369248718390213,1.0564585717186246,1.139148282513813,1.502062213497186,2.237844140561856,0.7344527547025899,1.7892560990098765,2.2691985357423374,2.0
1.0564585717186246,1.139148282513813,1.502062213497186,2.237844140561856,0.7344527547025899,1.7892560990098765,1.5851704681630367,2.2691985357423374,1.0
1.139148282513813,1.502062213497186,2.237844140561856,0.7344527547025899,1.7892560990098765,1.5851704681630367,1.126264410321253,2.2691985357423374,0.0
1.502062213497186,2.237844140561856,0.7344527547025899,1.7892560990098765,1.5851704681630367,1.126264410321253,2.2691985357423374,1.8631745860807516,0.0
2.237844140561856,0.7344527547025899,1.7892560990098765,1.5851704681630367,1.126264410321253,2.2691985357423374,1.8631745860807516,1.8792794263214516,6.0
0.7344527547025899,1.7892560990098765,1.5851704681630367,1.126264410321253,2.2691985357423374,1.8631745860807516,1.4261965875497515,1.8792794263214516,5.0
1.7892560990098765,1.5851704681630367,1.126264410321253,2.2691985357423374,1.8631745860807516,1.4261965875497515,0.6473410369260565,1.8792794263214516,4.0
1.5851704681630367,1.126264410321253,2.2691985357423374,1.8631745860807516,1.4261965875497515,0.6473410369260565,0.4928619535324924,1.8792794263214516,3.0
1.126264410321253,2.2691985357423374,1.8631745860807516,1.4261965875497515,0.6473410369260565,0.4928619535324924,0.3731584065230842,2.687032701580437,6.0
2.2691985357423374,1.8631745860807516,1.4261965875497515,0.6473410369260565,0.4928619535324924,0.3731584065230842,1.5404772618001443,2.687032701580437,5.0
1.8631745860807516,1.4261965875497515,0.6473410369260565,0.4928619535324924,0.3731584065230842,1.5404772618001443,1.8278349253491808,2.687032701580437,4.0
1.4261965875497515,0.6473410369260565,0.4928619535324924,0.3731584065230842,1.5404772618001443,1.8278349253491808,1.8792794263214516,2.687032701580437,3.0
0.6473410369260565,0.4928619535324924,0.3731584065230842,1.5404772618001443,1.8278349253491808,1.8792794263214516,0.8619812523374231,2.687032701580437,2.0
0.4928619535324924,0.3731584065230842,1.5404772618001443,1.8278349253491808,1.8792794263214516,0.8619812523374231,1.3361368651189884,2.687032701580437,1.0
0.3731584065230842,1.5404772618001443,1.8278349253491808,1.8792794263214516,0.8619812523374231,1.3361368651189884,1.1929766637928994,2.687032701580437,0.0
1.5404772618001443,1.8278349253491808,1.8792794263214516,0.8619812523374231,1.3361368651189884,1.1929766637928994,2.687032701580437,2.376200186155126,1.0
1.8278349253491808,1.8792794263214516,0.8619812523374231,1.3361368651189884,1.1929766637928994,2.687032701580437,0.20903461654469382,2.376200186155126,0.0
1.8792794263214516,0.8619812523374231,1.3361368651189884,1.1929766637928994,2.687032701580437,0.20903461654469382,2.376200186155126,2.2214845344868395,4.0
0.8619812523374231,1.3361368651189884,1.1929766637928994,2.687032701580437,0.20903461654469382,2.376200186155126,1.3243630440616632,2.2214845344868395,3.0
1.3361368651189884,1.1929766637928994,2.687032701580437,0.20903461654469382,2.376200186155126,1.3243630440616632,1.3412321818053115,2.2214845344868395,2.0
1.1929766637928994,2.687032701580437,0.20903461654469382,2.376200186155126,1.3243630440616632,1.3412321818053115,1.2759211404224042,2.2214845344868395,1.0
2.687032701580437,0.20903461654469382,2.376200186155126,1.3243630440616632,1.3412321818053115,1.2759211404224042,1.669043020331836,2.2214845344868395,0.0
0.20903461654469382,2.376200186155126,1.3243630440616632,1.3412321818053115,1.2759211404224042,1.669043020331836,2.2214845344868395,1.9057750730903324,2.0
2.376200186155126,1.3243630440616632,1.3412321818053115,1.2759211404224042,1.669043020331836,2.2214845344868395,1.1618588368871396,2.9305706416270936,6.0
1.3243630440616632,1.3412321818053115,1.2759211404224042,1.669043020331836,2.2214845344868395,1.1618588368871396,1.8463418434562908,2.9305706416270936,5.0
1.3412321818053115,1.2759211404224042,1.669043020331836,2.2214845344868395,1.1618588368871396,1.8463418434562908,1.9057750730903324,2.9305706416270936,4.0
1.2759211404224042,1.669043020331836,2.2214845344868395,1.1618588368871396,1.8463418434562908,1.9057750730903324,0.21636823306108044,2.9305706416270936,3.0
1.669043020331836,2.2214845344868395,1.1618588368871396,1.8463418434562908,1.9057750730903324,0.21636823306108044,-0.057414051030823435,2.9305706416270936,2.0
2.2214845344868395,1.1618588368871396,1.8463418434562908,1.9057750730903324,0.21636823306108044,-0.057414051030823435,1.593140999265214,2.9305706416270936,1.0
1.1618588368871396,1.8463418434562908,1.9057750730903324,0.21636823306108044,-0.057414051030823435,1.593140999265214,1.239789885848494,2.9305706416270936,0.0
1.8463418434562908,1.9057750730903324,0.21636823306108044,-0.057414051030823435,1.593140999265214,1.239789885848494,2.9305706416270936,1.8895792450516624,5.0
1.9057750730903324,0.21636823306108044,-0.057414051030823435,1.593140999265214,1.239789885848494,2.9305706416270936,1.7047830273744746,1.8895792450516624,4.0
0.21636823306108044,-0.057414051030823435,1.593140999265214,1.239789885848494,2.9305706416270936,1.7047830273744746,1.648388790192633,2.4768690858291977,6.0
-0.057414051030823435,1.593140999265214,1.239789885848494,2.9305706416270936,1.7047830273744746,1.648388790192633,0.7262820504448789,2.4768690858291977,5.0
1.593140999265214,1.239789885848494,2.9305706416270936,1.7047830273744746,1.648388790192633,0.7262820504448789,1.4316922505471432,2.4768690858291977,4.0
1.239789885848494,2.9305706416270936,1.7047830273744746,1.648388790192633,0.7262820504448789,1.4316922505471432,1.2946100341254538,2.4768690858291977,3.0
2.9305706416270936,1.7047830273744746,1.648388790192633,0.7262820504448789,1.4316922505471432,1.2946100341254538,1.8895792450516624,2.4768690858291977,2.0
1.7047830273744746,1.648388790192633,0.7262820504448789,1.4316922505471432,1.2946100341254538,1.8895792450516624,0.15402339389199685,2.4768690858291977,1.0
1.648388790192633,0.7262820504448789,1.4316922505471432,1.2946100341254538,1.8895792450516624,0.15402339389199685,1.0397168168921338,2.4768690858291977,0.0
0.7262820504448789,1.4316922505471432,1.2946100341254538,1.8895792450516624,0.15402339389199685,1.0397168168921338,2.4768690858291977,2.4484444977433513,0.0
1.4316922505471432,1.2946100341254538,1.8895792450516624,0.15402339389199685,1.0397168168921338,2.4768690858291977,2.4484444977433513,2.4432581932590582,5.0
1.2946100341254538,1.8895792450516624,0.15402339389199685,1.0397168168921338,2.4768690858291977,2.4484444977433513,1.763561144863132,2.4432581932590582,4.0
1.8895792450516624,0.15402339389199685,1.0397168168921338,2.4768690858291977,2.4484444977433513,1.763561144863132,1.4074894962871078,2.4432581932590582,3.0
0.15402339389199685,1.0397168168921338,2.4768690858291977,2.4484444977433513,1.763561144863132,1.4074894962871078,2.2262158999812827,2.4432581932590582,2.0
1.0397168168921338,2.4768690858291977,2.4484444977433513,1.763561144863132,1.4074894962871078,2.2262158999812827,2.303901281888118,2.4432581932590582,1.0
2.4768690858291977,2.4484444977433513,1.763561144863132,1.4074894962871078,2.2262158999812827,2.303901281888118,1.6326842962630008,2.4432581932590582,0.0
2.4484444977433513,1.763561144863132,1.4074894962871078,2.2262158999812827,2.303901281888118,1.6326842962630008,2.4432581932590582,1.7385758955405541,0.0
1.763561144863132,1.4074894962871078,2.2262158999812827,2.303901281888118,1.6326842962630008,2.4432581932590582,1.7385758955405541,1.1457357990868455,6.0
1.4074894962871078,2.2262158999812827,2.303901281888118,1.6326842962630008,2.4432581932590582,1.7385758955405541,0.3384374628177102,1.3990822237546745,6.0
2.2262158999812827,2.303901281888118,1.6326842962630008,2.4432581932590582,1.7385758955405541,0.3384374628177102,0.29720179277768,1.3990822237546745,5.0
2.303901281888118,1.6326842962630008,2.4432581932590582,1.7385758955405541,0.3384374628177102,0.29720179277768,1.1187670157685203,1.3990822237546745,4.0
1.6326842962630008,2.4432581932590582,1.7385758955405541,0.3384374628177102,0.29720179277768,1.1187670157685203,0.4417450086329138,1.7306963522363472,6.0
2.4432581932590582,1.7385758955405541,0.3384374628177102,0.29720179277768,1.1187670157685203,0.4417450086329138,0.4601063462632714,1.7306963522363472,5.0
1.7385758955405541,0.3384374628177102,0.29720179277768,1.1187670157685203,0.4417450086329138,0.4601063462632714,0.8799240460971185,1.7306963522363472,4.0
0.3384374628177102,0.29720179277768,1.1187670157685203,0.4417450086329138,0.4601063462632714,0.8799240460971185,1.1457357990868455,1.7306963522363472,3.0
0.29720179277768,1.1187670157685203,0.4417450086329138,0.4601063462632714,0.8799240460971185,1.1457357990868455,1.3990822237546745,1.7306963522363472,2.0
1.1187670157685203,0.4417450086329138,0.4601063462632714,0.8799240460971185,1.1457357990868455,1.3990822237546745,0.4407805379744311,1.7306963522363472,1.0
0.4417450086329138,0.4601063462632714,0.8799240460971185,1.1457357990868455,1.3990822237546745,0.4407805379744311,-0.2660854668953542,1.7306963522363472,0.0
0.4601063462632714,0.8799240460971185,1.1457357990868455,1.3990822237546745,0.4407805379744311,-0.2660854668953542,1.7306963522363472,1.464575240733522,6.0
0.8799240460971185,1.1457357990868455,1.3990822237546745,0.4407805379744311,-0.2660854668953542,1.7306963522363472,0.23292801229163115,1.971231694949992,6.0
1.1457357990868455,1.3990822237546745,0.4407805379744311,-0.2660854668953542,1.7306963522363472,0.23292801229163115,1.2073709334317624,1.971231694949992,5.0
1.3990822237546745,0.4407805379744311,-0.2660854668953542,1.7306963522363472,0.23292801229163115,1.2073709334317624,-0.284774360598404,1.971231694949992,4.0
0.4407805379744311,-0.2660854668953542,1.7306963522363472,0.23292801229163115,1.2073709334317624,-0.284774360598404,0.6976208940843105,1.971231694949992,3.0
-0.2660854668953542,1.7306963522363472,0.23292801229163115,1.2073709334317624,-0.284774360598404,0.6976208940843105,1.1227886764387967,1.971231694949992,2.0
1.7306963522363472,0.23292801229163115,1.2073709334317624,-0.284774360598404,0.6976208940843105,1.1227886764387967,1.305892521073741,1.971231694949992,1.0
0.23292801229163115,1.2073709334317624,-0.284774360598404,0.6976208940843105,1.1227886764387967,1.305892521073741,1.464575240733522,1.971231694949992,0.0
1.2073709334317624,-0.284774360598404,0.6976208940843105,1.1227886764387967,1.305892521073741,1.464575240733522,1.971231694949992,1.3523144955980648,3.0
-0.284774360598404,0.6976208940843105,1.1227886764387967,1.305892521073741,1.464575240733522,1.971231694949992,0.2301619832333414,1.3523144955980648,2.0
0.6976208940843105,1.1227886764387967,1.305892521073741,1.464575240733522,1.971231694949992,0.2301619832333414,0.3564348492561875,1.3523144955980648,1.0
1.1227886764387967,1.305892521073741,1.464575240733522,1.971231694949992,0.2301619832333414,0.3564348492561875,-0.3850975066401898,1.3523144955980648,0.0
1.305892521073741,1.464575240733522,1.971231694949992,0.2301619832333414,0.3564348492561875,-0.3850975066401898,1.3523144955980648,0.3897363833132287,5.0
1.464575240733522,1.971231694949992,0.2301619832333414,0.3564348492561875,-0.3850975066401898,1.3523144955980648,0.17107450723158582,0.3897363833132287,4.0
1.971231694949992,0.2301619832333414,0.3564348492561875,-0.3850975066401898,1.3523144955980648,0.17107450723158582,-0.26413832801879494,0.3897363833132287,3.0
0.2301619832333414,0.3564348492561875,-0.3850975066401898,1.3523144955980648,0.17107450723158582,-0.26413832801879494,0.020016565041695706,0.3897363833132287,2.0
0.3564348492561875,-0.3850975066401898,1.3523144955980648,0.17107450723158582,-0.26413832801879494,0.020016565041695706,0.1000312345765645,1.8984778516931338,6.0
-0.3850975066401898,1.3523144955980648,0.17107450723158582,-0.26413832801879494,0.020016565041695706,0.1000312345765645,0.30812032853408694,1.8984778516931338,5.0
1.3523144955980648,0.17107450723158582,-0.26413832801879494,0.020016565041695706,0.1000312345765645,0.30812032853408694,0.3897363833132287,1.8984778516931338,4.0
0.17107450723158582,-0.26413832801879494,0.020016565041695706,0.1000312345765645,0.30812032853408694,0.3897363833132287,-0.23773366904788404,1.8984778516931338,3.0
-0.26413832801879494,0.020016565041695706,0.1000312345765645,0.30812032853408694,0.3897363833132287,-0.23773366904788404,-0.6580972956695513,1.8984778516931338,2.0
0.020016565041695706,0.1000312345765645,0.30812032853408694,0.3897363833132287,-0.23773366904788404,-0.6580972956695513,-0.8277713413241152,1.8984778516931338,1.0
0.1000312345765645,0.30812032853408694,0.3897363833132287,-0.23773366904788404,-0.6580972956695513,-0.8277713413241152,-0.13125974786332245,1.8984778516931338,0.0
0.30812032853408694,0.3897363833132287,-0.23773366904788404,-0.6580972956695513,-0.8277713413241152,-0.13125974786332245,1.8984778516931338,1.1821309182748683,3.0
0.3897363833132287,-0.23773366904788404,-0.6580972956695513,-0.8277713413241152,-0.13125974786332245,1.8984778516931338,0.19580499071984744,1.1821309182748683,2.0
-0.23773366904788404,-0.6580972956695513,-0.8277713413241152,-0.13125974786332245,1.8984778516931338,0.19580499071984744,0.0748276145388586,1.1821309182748683,1.0
-0.6580972956695513,-0.8277713413241152,-0.13125974786332245,1.8984778516931338,0.19580499071984744,0.0748276145388586,0.7102681980021486,1.1821309182748683,0.0
-0.8277713413241152,-0.13125974786332245,1.8984778516931338,0.19580499071984744,0.0748276145388586,0.7102681980021486,1.1821309182748683,0.916774104274992,1.0
-0.13125974786332245,1.8984778516931338,0.19580499071984744,0.0748276145388586,0.7102681980021486,1.1821309182748683,-0.6695253630945907,0.916774104274992,0.0
1.8984778516931338,0.19580499071984744,0.0748276145388586,0.7102681980021486,1.1821309182748683,-0.6695253630945907,0.916774104274992,1.7446720780045482,6.0
0.19580499071984744,0.0748276145388586,0.7102681980021486,1.1821309182748683,-0.6695253630945907,0.916774104274992,-0.8746846499574771,1.7446720780045482,5.0
0.0748276145388586,0.7102681980021486,1.1821309182748683,-0.6695253630945907,0.916774104274992,-0.8746846499574771,-1.0139505735304477,1.7446720780045482,4.0
0.7102681980021486,1.1821309182748683,-0.6695253630945907,0.916774104274992,-0.8746846499574771,-1.0139505735304477,-1.0156429465726906,1.7446720780045482,3.0
1.1821309182748683,-0.6695253630945907,0.916774104274992,-0.8746846499574771,-1.0139505735304477,-1.0156429465726906,-0.9994289209744264,1.7446720780045482,2.0
-0.6695253630945907,0.916774104274992,-0.8746846499574771,-1.0139505735304477,-1.0156429465726906,-0.9994289209744264,0.12494369366076646,1.7446720780045482,1.0
0.916774104274992,-0.8746846499574771,-1.0139505735304477,-1.0156429465726906,-0.9994289209744264,0.12494369366076646,0.5839589368601142,1.7446720780045482,0.0
-0.8746846499574771,-1.0139505735304477,-1.0156429465726906,-0.9994289209744264,0.12494369366076646,0.5839589368601142,1.7446720780045482,1.234448902107652,3.0
-1.0139505735304477,-1.0156429465726906,-0.9994289209744264,0.12494369366076646,0.5839589368601142,1.7446720780045482,1.1283571296745643,1.234448902107652,2.0
-1.0156429465726906,-0.9994289209744264,0.12494369366076646,0.5839589368601142,1.7446720780045482,1.1283571296745643,-0.5966441369205743,1.234448902107652,1.0
-0.9994289209744264,0.12494369366076646,0.5839589368601142,1.7446720780045482,1.1283571296745643,-0.5966441369205743,-0.352414689609345,1.234448902107652,0.0
0.12494369366076646,0.5839589368601142,1.7446720780045482,1.1283571296745643,-0.5966441369205743,-0.352414689609345,1.234448902107652,0.37761680862361696,5.0
0.5839589368601142,1.7446720780045482,1.1283571296745643,-0.5966441369205743,-0.352414689609345,1.234448902107652,-0.6948927611686427,0.37761680862361696,4.0
1.7446720780045482,1.1283571296745643,-0.5966441369205743,-0.352414689609345,1.234448902107652,-0.6948927611686427,-0.6375704484475063,0.37761680862361696,3.0
1.1283571296745643,-0.5966441369205743,-0.352414689609345,1.234448902107652,-0.6948927611686427,-0.6375704484475063,-0.7480660303023445,0.37761680862361696,2.0
-0.5966441369205743,-0.352414689609345,1.234448902107652,-0.6948927611686427,-0.6375704484475063,-0.7480660303023445,-0.6064526215417465,0.37761680862361696,1.0
-0.352414689609345,1.234448902107652,-0.6948927611686427,-0.6375704484475063,-0.7480660303023445,-0.6064526215417465,-0.8093918061341636,0.37761680862361696,0.0
1.234448902107652,-0.6948927611686427,-0.6375704484475063,-0.7480660303023445,-0.6064526215417465,-0.8093918061341636,0.37761680862361696,-0.4202733893354142,6.0
-0.6948927611686427,-0.6375704484475063,-0.7480660303023445,-0.6064526215417465,-0.8093918061341636,0.37761680862361696,-0.5113339775438481,-0.41395883615629214,6.0
-0.6375704484475063,-0.7480660303023445,-0.6064526215417465,-0.8093918061341636,0.37761680862361696,-0.5113339775438481,-0.8723553623294437,-0.41395883615629214,5.0
-0.7480660303023445,-0.6064526215417465,-0.8093918061341636,0.37761680862361696,-0.5113339775438481,-0.8723553623294437,-0.9275849556972687,-0.40982799012845156,6.0
-0.6064526215417465,-0.8093918061341636,0.37761680862361696,-0.5113339775438481,-0.8723553623294437,-0.9275849556972687,-0.748721142447729,-0.40982799012845156,5.0
-0.8093918061341636,0.37761680862361696,-0.5113339775438481,-0.8723553623294437,-0.9275849556972687,-0.748721142447729,-0.6931457954476177,-0.40982799012845156,4.0
0.37761680862361696,-0.5113339775438481,-0.8723553623294437,-0.9275849556972687,-0.748721142447729,-0.6931457954476177,-0.894920336226018,-0.2264329845400029,6.0
-0.5113339775438481,-0.8723553623294437,-0.9275849556972687,-0.748721142447729,-0.6931457954476177,-0.894920336226018,-0.4202733893354142,-0.2264329845400029,5.0
-0.8723553623294437,-0.9275849556972687,-0.748721142447729,-0.6931457954476177,-0.894920336226018,-0.4202733893354142,-0.41395883615629214,-0.2264329845400029,4.0
-0.9275849556972687,-0.748721142447729,-0.6931457954476177,-0.894920336226018,-0.4202733893354142,-0.41395883615629214,-0.5693114024103689,0.47395468911431426,6.0
-0.748721142447729,-0.6931457954476177,-0.894920336226018,-0.4202733893354142,-0.41395883615629214,-0.5693114024103689,-0.40982799012845156,0.6593514262581041,6.0
-0.6931457954476177,-0.894920336226018,-0.4202733893354142,-0.41395883615629214,-0.5693114024103689,-0.40982799012845156,-0.6887601835854609,0.6593514262581041,5.0
-0.894920336226018,-0.4202733893354142,-0.41395883615629214,-0.5693114024103689,-0.40982799012845156,-0.6887601835854609,-0.6596986809138244,0.6593514262581041,4.0
-0.4202733893354142,-0.41395883615629214,-0.5693114024103689,-0.40982799012845156,-0.6887601835854609,-0.6596986809138244,-0.2264329845400029,0.6593514262581041,3.0
-0.41395883615629214,-0.5693114024103689,-0.40982799012845156,-0.6887601835854609,-0.6596986809138244,-0.2264329845400029,-0.8957028312885604,0.6593514262581041,2.0
-0.5693114024103689,-0.40982799012845156,-0.6887601835854609,-0.6596986809138244,-0.2264329845400029,-0.8957028312885604,-0.4685697124979209,0.6593514262581041,1.0
-0.40982799012845156,-0.6887601835854609,-0.6596986809138244,-0.2264329845400029,-0.8957028312885604,-0.4685697124979209,0.47395468911431426,0.6593514262581041,0.0
-0.6887601835854609,-0.6596986809138244,-0.2264329845400029,-0.8957028312885604,-0.4685697124979209,0.47395468911431426,0.6593514262581041,0.4379963113565474,0.0
-0.6596986809138244,-0.2264329845400029,-0.8957028312885604,-0.4685697124979209,0.47395468911431426,0.6593514262581041,0.4379963113565474,0.10050437112600878,0.0
-0.2264329845400029,-0.8957028312885604,-0.4685697124979209,0.47395468911431426,0.6593514262581041,0.4379963113565474,0.10050437112600878,-0.48205410415708344,0.0
-0.8957028312885604,-0.4685697124979209,0.47395468911431426,0.6593514262581041,0.4379963113565474,0.10050437112600878,-0.48205410415708344,0.02059888694870401,6.0
-0.4685697124979209,0.47395468911431426,0.6593514262581041,0.4379963113565474,0.10050437112600878,-0.48205410415708344,-0.835341526115224,0.9633598568356612,6.0
0.47395468911431426,0.6593514262581041,0.4379963113565474,0.10050437112600878,-0.48205410415708344,-0.835341526115224,-0.6631380196770926,0.9633598568356612,5.0
0.6593514262581041,0.4379963113565474,0.10050437112600878,-0.48205410415708344,-0.835341526115224,-0.6631380196770926,-0.7749620233822937,0.9633598568356612,4.0
0.4379963113565474,0.10050437112600878,-0.48205410415708344,-0.835341526115224,-0.6631380196770926,-0.7749620233822937,-0.6976951853461206,0.9633598568356612,3.0
0.10050437112600878,-0.48205410415708344,-0.835341526115224,-0.6631380196770926,-0.7749620233822937,-0.6976951853461206,-0.5766996116055377,0.9633598568356612,2.0
-0.48205410415708344,-0.835341526115224,-0.6631380196770926,-0.7749620233822937,-0.6976951853461206,-0.5766996116055377,-0.5750072385632946,0.9633598568356612,1.0
-0.835341526115224,-0.6631380196770926,-0.7749620233822937,-0.6976951853461206,-0.5766996116055377,-0.5750072385632946,0.02059888694870401,0.9633598568356612,0.0
-0.6631380196770926,-0.7749620233822937,-0.6976951853461206,-0.5766996116055377,-0.5750072385632946,0.02059888694870401,0.9633598568356612,0.12922012016535914,0.0
-0.7749620233822937,-0.6976951853461206,-0.5766996116055377,-0.5750072385632946,0.02059888694870401,0.9633598568356612,0.12922012016535914,-0.308394792951431,1.0
-0.6976951853461206,-0.5766996116055377,-0.5750072385632946,0.02059888694870401,0.9633598568356612,0.12922012016535914,-0.7467376084519817,-0.308394792951431,0.0
-0.5766996116055377,-0.5750072385632946,0.02059888694870401,0.9633598568356612,0.12922012016535914,-0.7467376084519817,-0.308394792951431,-0.3606763816650263,0.0
-0.5750072385632946,0.02059888694870401,0.9633598568356612,0.12922012016535914,-0.7467376084519817,-0.308394792951431,-0.3606763816650263,-0.569475180446715,4.0
0.02059888694870401,0.9633598568356612,0.12922012016535914,-0.7467376084519817,-0.308394792951431,-0.3606763816650263,-0.5973356441851467,-0.569475180446715,3.0
0.9633598568356612,0.12922012016535914,-0.7467376084519817,-0.308394792951431,-0.3606763816650263,-0.5973356441851467,-0.635277555938661,-0.569475180446715,2.0
0.12922012016535914,-0.7467376084519817,-0.308394792951431,-0.3606763816650263,-0.5973356441851467,-0.635277555938661,-0.7355643068612586,-0.569475180446715,1.0
-0.7467376084519817,-0.308394792951431,-0.3606763816650263,-0.5973356441851467,-0.635277555938661,-0.7355643068612586,-0.5980453490093132,-0.569475180446715,0.0
-0.308394792951431,-0.3606763816650263,-0.5973356441851467,-0.635277555938661,-0.7355643068612586,-0.5980453490093132,-0.569475180446715,-0.5706216267011378,6.0
-0.3606763816650263,-0.5973356441851467,-0.635277555938661,-0.7355643068612586,-0.5980453490093132,-0.569475180446715,-0.5986458684759156,-0.5706216267011378,5.0
-0.5973356441851467,-0.635277555938661,-0.7355643068612586,-0.5980453490093132,-0.569475180446715,-0.5986458684759156,-0.8125763790631155,-0.5706216267011378,4.0
-0.635277555938661,-0.7355643068612586,-0.5980453490093132,-0.569475180446715,-0.5986458684759156,-0.8125763790631155,-0.877723642409677,-0.5706216267011378,3.0
-0.7355643068612586,-0.5980453490093132,-0.569475180446715,-0.5986458684759156,-0.8125763790631155,-0.877723642409677,-0.9272755971841705,-0.5706216267011378,2.0
-0.5980453490093132,-0.569475180446715,-0.5986458684759156,-0.8125763790631155,-0.877723642409677,-0.9272755971841705,-0.7620417560705456,-0.5706216267011378,1.0
-0.569475180446715,-0.5986458684759156,-0.8125763790631155,-0.877723642409677,-0.9272755971841705,-0.7620417560705456,-0.7854438177084444,-0.5706216267011378,0.0
-0.5986458684759156,-0.8125763790631155,-0.877723642409677,-0.9272755971841705,-0.7620417560705456,-0.7854438177084444,-0.5706216267011378,-0.7063390261532762,3.0
-0.8125763790631155,-0.877723642409677,-0.9272755971841705,-0.7620417560705456,-0.7854438177084444,-0.5706216267011378,-0.7587843929032174,-0.7063390261532762,2.0
-0.877723642409677,-0.9272755971841705,-0.7620417560705456,-0.7854438177084444,-0.5706216267011378,-0.7587843929032174,-0.800511397052286,-0.7063390261532762,1.0
-0.9272755971841705,-0.7620417560705456,-0.7854438177084444,-0.5706216267011378,-0.7587843929032174,-0.800511397052286,-0.7855893981851964,-0.6986050633258211,6.0
-0.7620417560705456,-0.7854438177084444,-0.5706216267011378,-0.7587843929032174,-0.800511397052286,-0.7855893981851964,-0.7063390261532762,-0.6986050633258211,5.0
-0.7854438177084444,-0.5706216267011378,-0.7587843929032174,-0.800511397052286,-0.7855893981851964,-0.7063390261532762,-0.9193778563203694,-0.6986050633258211,4.0
-0.5706216267011378,-0.7587843929032174,-0.800511397052286,-0.7855893981851964,-0.7063390261532762,-0.9193778563203694,-0.8880598562590756,-0.6986050633258211,3.0
-0.7587843929032174,-0.800511397052286,-0.7855893981851964,-0.7063390261532762,-0.9193778563203694,-0.8880598562590756,-0.8779966058035873,-0.6986050633258211,2.0
-0.800511397052286,-0.7855893981851964,-0.7063390261532762,-0.9193778563203694,-0.8880598562590756,-0.8779966058035873,-0.9889835217674637,-0.6986050633258211,1.0
-0.7855893981851964,-0.7063390261532762,-0.9193778563203694,-0.8880598562590756,-0.8779966058035873,-0.9889835217674637,-0.7272116270076073,-0.54572736517653,6.0
-0.7063390261532762,-0.9193778563203694,-0.8880598562590756,-0.8779966058035873,-0.9889835217674637,-0.7272116270076073,-0.6986050633258211,-0.54572736517653,5.0
-0.9193778563203694,-0.8880598562590756,-0.8779966058035873,-0.9889835217674637,-0.7272116270076073,-0.6986050633258211,-0.9348457819752793,-0.54572736517653,4.0
-0.8880598562590756,-0.8779966058035873,-0.9889835217674637,-0.7272116270076073,-0.6986050633258211,-0.9348457819752793,-0.9355190916802578,-0.54572736517653,3.0
-0.8779966058035873,-0.9889835217674637,-0.7272116270076073,-0.6986050633258211,-0.9348457819752793,-0.9355190916802578,-0.9714228767592425,-0.54572736517653,2.0
-0.9889835217674637,-0.7272116270076073,-0.6986050633258211,-0.9348457819752793,-0.9355190916802578,-0.9714228767592425,-1.027307582272452,-0.54572736517653,1.0
-0.7272116270076073,-0.6986050633258211,-0.9348457819752793,-0.9355190916802578,-0.9714228767592425,-1.027307582272452,-0.9868544072949644,-0.54572736517653,0.0
-0.6986050633258211,-0.9348457819752793,-0.9355190916802578,-0.9714228767592425,-1.027307582272452,-0.9868544072949644,-0.54572736517653,-0.6562957372697442,6.0
-0.9348457819752793,-0.9355190916802578,-0.9714228767592425,-1.027307582272452,-0.9868544072949644,-0.54572736517653,-0.6656674804606603,-0.6562957372697442,5.0
-0.9355190916802578,-0.9714228767592425,-1.027307582272452,-0.9868544072949644,-0.54572736517653,-0.6656674804606603,-0.9470927395820491,-0.6562957372697442,4.0
-0.9714228767592425,-1.027307582272452,-0.9868544072949644,-0.54572736517653,-0.6656674804606603,-0.9470927395820491,-0.9534072927611711,-0.6562957372697442,3.0
-1.027307582272452,-0.9868544072949644,-0.54572736517653,-0.6656674804606603,-0.9470927395820491,-0.9534072927611711,-1.0137867954941016,-0.6562957372697442,2.0
-0.9868544072949644,-0.54572736517653,-0.6656674804606603,-0.9470927395820491,-0.9534072927611711,-1.0137867954941016,-0.7909758758250238,-0.5358824854361697,6.0
-0.54572736517653,-0.6656674804606603,-0.9470927395820491,-0.9534072927611711,-1.0137867954941016,-0.7909758758250238,-0.910970583787936,-0.5358824854361697,5.0
-0.6656674804606603,-0.9470927395820491,-0.9534072927611711,-1.0137867954941016,-0.7909758758250238,-0.910970583787936,-0.6562957372697442,-0.5358824854361697,4.0
-0.9470927395820491,-0.9534072927611711,-1.0137867954941016,-0.7909758758250238,-0.910970583787936,-0.6562957372697442,-0.8442765278758837,-0.5358824854361697,3.0
-0.9534072927611711,-1.0137867954941016,-0.7909758758250238,-0.910970583787936,-0.6562957372697442,-0.8442765278758837,-0.9055477110289207,-0.5358824854361697,2.0
-1.0137867954941016,-0.7909758758250238,-0.910970583787936,-0.6562957372697442,-0.8442765278758837,-0.9055477110289207,-0.9444904885601055,-0.5358824854361697,1.0
-0.7909758758250238,-0.910970583787936,-0.6562957372697442,-0.8442765278758837,-0.9055477110289207,-0.9444904885601055,-0.7292133585629486,-0.5358824854361697,0.0
-0.910970583787936,-0.6562957372697442,-0.8442765278758837,-0.9055477110289207,-0.9444904885601055,-0.7292133585629486,-0.5358824854361697,-0.5750982263612646,1.0
-0.6562957372697442,-0.8442765278758837,-0.9055477110289207,-0.9444904885601055,-0.7292133585629486,-0.5358824854361697,-0.6741475432314695,-0.5750982263612646,0.0
-0.8442765278758837,-0.9055477110289207,-0.9444904885601055,-0.7292133585629486,-0.5358824854361697,-0.6741475432314695,-0.5750982263612646,-0.4418556950139119,6.0
-0.9055477110289207,-0.9444904885601055,-0.7292133585629486,-0.5358824854361697,-0.6741475432314695,-0.5750982263612646,-0.7427159477817051,-0.4418556950139119,5.0
-0.9444904885601055,-0.7292133585629486,-0.5358824854361697,-0.6741475432314695,-0.5750982263612646,-0.7427159477817051,-0.8962669556359747,-0.4418556950139119,4.0
-0.7292133585629486,-0.5358824854361697,-0.6741475432314695,-0.5750982263612646,-0.7427159477817051,-0.8962669556359747,-0.9019081991101183,-0.4418556950139119,3.0
-0.5358824854361697,-0.6741475432314695,-0.5750982263612646,-0.7427159477817051,-0.8962669556359747,-0.9019081991101183,-0.7374386554994418,-0.4418556950139119,2.0
-0.6741475432314695,-0.5750982263612646,-0.7427159477817051,-0.8962669556359747,-0.9019081991101183,-0.7374386554994418,-0.7081041894338952,-0.4418556950139119,1.0
-0.5750982263612646,-0.7427159477817051,-0.8962669556359747,-0.9019081991101183,-0.7374386554994418,-0.7081041894338952,-0.6443763357356667,-0.4418556950139119,0.0
-0.7427159477817051,-0.8962669556359747,-0.9019081991101183,-0.7374386554994418,-0.7081041894338952,-0.6443763357356667,-0.4418556950139119,-0.7080495967551131,6.0
-0.8962669556359747,-0.9019081991101183,-0.7374386554994418,-0.7081041894338952,-0.6443763357356667,-0.4418556950139119,-0.8152696178830292,-0.7080495967551131,5.0
-0.9019081991101183,-0.7374386554994418,-0.7081041894338952,-0.6443763357356667,-0.4418556950139119,-0.8152696178830292,-0.9527521806157867,-0.7080495967551131,4.0
-0.7374386554994418,-0.7081041894338952,-0.6443763357356667,-0.4418556950139119,-0.8152696178830292,-0.9527521806157867,-0.9508414368584155,-0.7080495967551131,3.0
-0.7081041894338952,-0.6443763357356667,-0.4418556950139119,-0.8152696178830292,-0.9527521806157867,-0.9508414368584155,-0.9490216808990144,-0.7080495967551131,2.0
-0.6443763357356667,-0.4418556950139119,-0.8152696178830292,-0.9527521806157867,-0.9508414368584155,-0.9490216808990144,-0.9499315588787148,-0.7080495967551131,1.0
-0.4418556950139119,-0.8152696178830292,-0.9527521806157867,-0.9508414368584155,-0.9490216808990144,-0.9499315588787148,-0.8706265941680125,-0.7080495967551131,0.0
-0.8152696178830292,-0.9527521806157867,-0.9508414368584155,-0.9490216808990144,-0.9499315588787148,-0.8706265941680125,-0.7080495967551131,-0.9179402491124427,1.0
-0.9527521806157867,-0.9508414368584155,-0.9490216808990144,-0.9499315588787148,-0.8706265941680125,-0.7080495967551131,-0.9220710951402832,-0.9179402491124427,0.0
-0.9508414368584155,-0.9490216808990144,-0.9499315588787148,-0.8706265941680125,-0.7080495967551131,-0.9220710951402832,-0.9179402491124427,-0.9197054123930618,2.0
-0.9490216808990144,-0.9499315588787148,-0.8706265941680125,-0.7080495967551131,-0.9220710951402832,-0.9179402491124427,-0.923253936513894,-0.8982322920721281,6.0
-0.9499315588787148,-0.8706265941680125,-0.7080495967551131,-0.9220710951402832,-0.9179402491124427,-0.923253936513894,-0.9216889463888089,-0.8169255958060843,6.0
-0.8706265941680125,-0.7080495967551131,-0.9220710951402832,-0.9179402491124427,-0.923253936513894,-0.9216889463888089,-0.9197054123930618,-0.7154923986290638,6.0
-0.7080495967551131,-0.9220710951402832,-0.9179402491124427,-0.923253936513894,-0.9216889463888089,-0.9197054123930618,-0.9238726535400904,-0.7154923986290638,5.0
-0.9220710951402832,-0.9179402491124427,-0.923253936513894,-0.9216889463888089,-0.9197054123930618,-0.9238726535400904,-0.9237816657421203,-0.5365012024623661,6.0
-0.9179402491124427,-0.923253936513894,-0.9216889463888089,-0.9197054123930618,-0.9238726535400904,-0.9237816657421203,-0.9212522049585526,-0.5365012024623661,5.0
-0.923253936513894,-0.9216889463888089,-0.9197054123930618,-0.9238726535400904,-0.9237816657421203,-0.9212522049585526,-0.9214523781140869,-0.5365012024623661,4.0
-0.9216889463888089,-0.9197054123930618,-0.9238726535400904,-0.9237816657421203,-0.9212522049585526,-0.9214523781140869,-0.8982322920721281,-0.5365012024623661,3.0
-0.9197054123930618,-0.9238726535400904,-0.9237816657421203,-0.9212522049585526,-0.9214523781140869,-0.8982322920721281,-0.8169255958060843,-0.5365012024623661,2.0
-0.9238726535400904,-0.9237816657421203,-0.9212522049585526,-0.9214523781140869,-0.8982322920721281,-0.8169255958060843,-0.7154923986290638,-0.5365012024623661,1.0
-0.9237816657421203,-0.9212522049585526,-0.9214523781140869,-0.8982322920721281,-0.8169255958060843,-0.7154923986290638,-0.8633293727708139,-0.5365012024623661,0.0
-0.9212522049585526,-0.9214523781140869,-0.8982322920721281,-0.8169255958060843,-0.7154923986290638,-0.8633293727708139,-0.5365012024623661,-0.5850158963400008,0.0
-0.9214523781140869,-0.8982322920721281,-0.8169255958060843,-0.7154923986290638,-0.8633293727708139,-0.5365012024623661,-0.5850158963400008,-0.6224482764248828,2.0
-0.8982322920721281,-0.8169255958060843,-0.7154923986290638,-0.8633293727708139,-0.5365012024623661,-0.5850158963400008,-0.7977271704344021,-0.5942602566137588,6.0
-0.8169255958060843,-0.7154923986290638,-0.8633293727708139,-0.5365012024623661,-0.5850158963400008,-0.7977271704344021,-0.7347636142391221,-0.5942602566137588,5.0
-0.7154923986290638,-0.8633293727708139,-0.5365012024623661,-0.5850158963400008,-0.7977271704344021,-0.7347636142391221,-0.6224482764248828,-0.5942602566137588,4.0
-0.8633293727708139,-0.5365012024623661,-0.5850158963400008,-0.7977271704344021,-0.7347636142391221,-0.6224482764248828,-0.8654766848029072,-0.5942602566137588,3.0
-0.5365012024623661,-0.5850158963400008,-0.7977271704344021,-0.7347636142391221,-0.6224482764248828,-0.8654766848029072,-0.8575789439391063,-0.5942602566137588,2.0
-0.5850158963400008,-0.7977271704344021,-0.7347636142391221,-0.6224482764248828,-0.8654766848029072,-0.8575789439391063,-0.8795797934882662,-0.5942602566137588,1.0
-0.7977271704344021,-0.7347636142391221,-0.6224482764248828,-0.8654766848029072,-0.8575789439391063,-0.8795797934882662,-0.8306283581803751,-0.5942602566137588,0.0
-0.7347636142391221,-0.6224482764248828,-0.8654766848029072,-0.8575789439391063,-0.8795797934882662,-0.8306283581803751,-0.5942602566137588,-0.7325799070878407,1.0
-0.6224482764248828,-0.8654766848029072,-0.8575789439391063,-0.8795797934882662,-0.8306283581803751,-0.5942602566137588,-0.9549176902074741,-0.7325799070878407,0.0
-0.8654766848029072,-0.8575789439391063,-0.8795797934882662,-0.8306283581803751,-0.5942602566137588,-0.9549176902074741,-0.7325799070878407,-0.8171803616404005,4.0
-0.8575789439391063,-0.8795797934882662,-0.8306283581803751,-0.5942602566137588,-0.9549176902074741,-0.7325799070878407,-0.8911352438304636,-0.7572194027781324,6.0
-0.8795797934882662,-0.8306283581803751,-0.5942602566137588,-0.9549176902074741,-0.7325799070878407,-0.8911352438304636,-0.8278623291220853,-0.7572194027781324,5.0
-0.8306283581803751,-0.5942602566137588,-0.9549176902074741,-0.7325799070878407,-0.8911352438304636,-0.8278623291220853,-0.8207834784400149,-0.7572194027781324,4.0
-0.5942602566137588,-0.9549176902074741,-0.7325799070878407,-0.8911352438304636,-0.8278623291220853,-0.8207834784400149,-0.8867314344087127,-0.7572194027781324,3.0
-0.9549176902074741,-0.7325799070878407,-0.8911352438304636,-0.8278623291220853,-0.8207834784400149,-0.8867314344087127,-0.8171803616404005,-0.7572194027781324,2.0
-0.7325799070878407,-0.8911352438304636,-0.8278623291220853,-0.8207834784400149,-0.8867314344087127,-0.8171803616404005,-0.8703536307741023,-0.6089820823253141,6.0
-0.8911352438304636,-0.8278623291220853,-0.8207834784400149,-0.8867314344087127,-0.8171803616404005,-0.8703536307741023,-0.8381257527331079,-0.5472195650632389,6.0
-0.8278623291220853,-0.8207834784400149,-0.8867314344087127,-0.8171803616404005,-0.8703536307741023,-0.8381257527331079,-0.7572194027781324,-0.5472195650632389,5.0
-0.8207834784400149,-0.8867314344087127,-0.8171803616404005,-0.8703536307741023,-0.8381257527331079,-0.7572194027781324,-0.8929731973494588,-0.5472195650632389,4.0
-0.8867314344087127,-0.8171803616404005,-0.8703536307741023,-0.8381257527331079,-0.7572194027781324,-0.8929731973494588,-0.9777556274979587,-0.47475688275988487,6.0
-0.8171803616404005,-0.8703536307741023,-0.8381257527331079,-0.7572194027781324,-0.8929731973494588,-0.9777556274979587,-0.8271526242979189,-0.47475688275988487,5.0
-0.8703536307741023,-0.8381257527331079,-0.7572194027781324,-0.8929731973494588,-0.9777556274979587,-0.8271526242979189,-0.7964351437032273,-0.47475688275988487,4.0
-0.8381257527331079,-0.7572194027781324,-0.8929731973494588,-0.9777556274979587,-0.8271526242979189,-0.7964351437032273,-0.6089820823253141,-0.47475688275988487,3.0
-0.7572194027781324,-0.8929731973494588,-0.9777556274979587,-0.8271526242979189,-0.7964351437032273,-0.6089820823253141,-0.5472195650632389,-0.47475688275988487,2.0
-0.8929731973494588,-0.9777556274979587,-0.8271526242979189,-0.7964351437032273,-0.6089820823253141,-0.5472195650632389,-0.9358466477529499,-0.47475688275988487,1.0
-0.9777556274979587,-0.8271526242979189,-0.7964351437032273,-0.6089820823253141,-0.5472195650632389,-0.9358466477529499,-0.9447452543944216,-0.47475688275988487,0.0
-0.8271526242979189,-0.7964351437032273,-0.6089820823253141,-0.5472195650632389,-0.9358466477529499,-0.9447452543944216,-0.47475688275988487,-0.5969171003144845,4.0
-0.7964351437032273,-0.6089820823253141,-0.5472195650632389,-0.9358466477529499,-0.9447452543944216,-0.47475688275988487,-0.6910530760943063,-0.5969171003144845,3.0
-0.6089820823253141,-0.5472195650632389,-0.9358466477529499,-0.9447452543944216,-0.47475688275988487,-0.6910530760943063,-0.6891969250157172,-0.5969171003144845,2.0
-0.5472195650632389,-0.9358466477529499,-0.9447452543944216,-0.47475688275988487,-0.6910530760943063,-0.6891969250157172,-0.8644394239060486,-0.5969171003144845,1.0
-0.9358466477529499,-0.9447452543944216,-0.47475688275988487,-0.6910530760943063,-0.6891969250157172,-0.8644394239060486,-0.6439759894245984,-0.5969171003144845,0.0
-0.9447452543944216,-0.47475688275988487,-0.6910530760943063,-0.6891969250157172,-0.8644394239060486,-0.6439759894245984,-0.5969171003144845,-0.7174031423864351,5.0
-0.47475688275988487,-0.6910530760943063,-0.6891969250157172,-0.8644394239060486,-0.6439759894245984,-0.5969171003144845,-0.7500859594172798,-0.7174031423864351,4.0
-0.6910530760943063,-0.6891969250157172,-0.8644394239060486,-0.6439759894245984,-0.5969171003144845,-0.7500859594172798,-0.8621647289567971,-0.6995695339843038,6.0
-0.6891969250157172,-0.8644394239060486,-0.6439759894245984,-0.5969171003144845,-0.7500859594172798,-0.8621647289567971,-0.8192548834341179,-0.6249049469700743,6.0
-0.8644394239060486,-0.6439759894245984,-0.5969171003144845,-0.7500859594172798,-0.8621647289567971,-0.8192548834341179,-0.7655174899530016,-0.6122394454926422,6.0
-0.6439759894245984,-0.5969171003144845,-0.7500859594172798,-0.8621647289567971,-0.8192548834341179,-0.7655174899530016,-0.8568328439957518,-0.6122394454926422,5.0
-0.5969171003144845,-0.7500859594172798,-0.8621647289567971,-0.8192548834341179,-0.7655174899530016,-0.8568328439957518,-0.7174031423864351,-0.6052333850489479,6.0
-0.7500859594172798,-0.8621647289567971,-0.8192548834341179,-0.7655174899530016,-0.8568328439957518,-0.7174031423864351,-0.7901569856432934,-0.6052333850489479,5.0
-0.8621647289567971,-0.8192548834341179,-0.7655174899530016,-0.8568328439957518,-0.7174031423864351,-0.7901569856432934,-0.8150148520487132,-0.6052333850489479,4.0
-0.6605539662147429,-0.7276665659974576,-0.8185997712887334,-0.8128311448974318,-0.5885280253416452,-0.8118484766793551,-0.8146327032972389,-0.23092778175972384,4.0
-0.7276665659974576,-0.8185997712887334,-0.8128311448974318,-0.5885280253416452,-0.8118484766793551,-0.8146327032972389,-0.9114801154565685,-0.23092778175972384,3.0
-0.8185997712887334,-0.8128311448974318,-0.5885280253416452,-0.8118484766793551,-0.8146327032972389,-0.9114801154565685,-0.5541346377089632,-0.23092778175972384,2.0
-0.8128311448974318,-0.5885280253416452,-0.8118484766793551,-0.8146327032972389,-0.9114801154565685,-0.5541346377089632,-0.658916185851282,1.7500949507635635,6.0
-0.5885280253416452,-0.8118484766793551,-0.8146327032972389,-0.9114801154565685,-0.5541346377089632,-0.658916185851282,-0.7485027717326009,1.7500949507635635,5.0
-0.8118484766793551,-0.8146327032972389,-0.9114801154565685,-0.5541346377089632,-0.658916185851282,-0.7485027717326009,-0.23092778175972384,1.7500949507635635,4.0
-0.8146327032972389,-0.9114801154565685,-0.5541346377089632,-0.658916185851282,-0.7485027717326009,-0.23092778175972384,-0.9311334798181009,1.7500949507635635,3.0
-0.9114801154565685,-0.5541346377089632,-0.658916185851282,-0.7485027717326009,-0.23092778175972384,-0.9311334798181009,-0.9487669150646981,1.7500949507635635,2.0
-0.5541346377089632,-0.658916185851282,-0.7485027717326009,-0.23092778175972384,-0.9311334798181009,-0.9487669150646981,-0.871445484349743,1.7500949507635635,1.0
-0.658916185851282,-0.7485027717326009,-0.23092778175972384,-0.9311334798181009,-0.9487669150646981,-0.871445484349743,-0.4440394021651933,1.7500949507635635,0.0
-0.7485027717326009,-0.23092778175972384,-0.9311334798181009,-0.9487669150646981,-0.871445484349743,-0.4440394021651933,1.7500949507635635,-0.11477275887114805,2.0
-0.23092778175972384,-0.9311334798181009,-0.9487669150646981,-0.871445484349743,-0.4440394021651933,1.7500949507635635,-0.26393815486326083,-0.11477275887114805,1.0
-0.9311334798181009,-0.9487669150646981,-0.871445484349743,-0.4440394021651933,1.7500949507635635,-0.26393815486326083,-0.15669993617575062,-0.11477275887114805,0.0
-0.9487669150646981,-0.871445484349743,-0.4440394021651933,1.7500949507635635,-0.26393815486326083,-0.15669993617575062,-0.11477275887114805,-0.33332544959522686,6.0
-0.871445484349743,-0.4440394021651933,1.7500949507635635,-0.26393815486326083,-0.15669993617575062,-0.11477275887114805,-0.7852436445529102,-0.32608282087681034,6.0
-0.4440394021651933,1.7500949507635635,-0.26393815486326083,-0.15669993617575062,-0.11477275887114805,-0.7852436445529102,-0.8076994330919205,1.3760441133086558,6.0
1.7500949507635635,-0.26393815486326083,-0.15669993617575062,-0.11477275887114805,-0.7852436445529102,-0.8076994330919205,-0.6889967518601829,1.3760441133086558,5.0
-0.26393815486326083,-0.15669993617575062,-0.11477275887114805,-0.7852436445529102,-0.8076994330919205,-0.6889967518601829,-0.7469741767267039,1.3760441133086558,4.0
-0.15669993617575062,-0.11477275887114805,-0.7852436445529102,-0.8076994330919205,-0.6889967518601829,-0.7469741767267039,-0.5625055151222087,1.3760441133086558,3.0
-0.11477275887114805,-0.7852436445529102,-0.8076994330919205,-0.6889967518601829,-0.7469741767267039,-0.5625055151222087,-0.5532247597292628,1.3760441133086558,2.0
-0.7852436445529102,-0.8076994330919205,-0.6889967518601829,-0.7469741767267039,-0.5625055151222087,-0.5532247597292628,-0.33332544959522686,1.4682329502119182,6.0
-0.8076994330919205,-0.6889967518601829,-0.7469741767267039,-0.5625055151222087,-0.5532247597292628,-0.33332544959522686,-0.32608282087681034,1.4682329502119182,5.0
-0.6889967518601829,-0.7469741767267039,-0.5625055151222087,-0.5532247597292628,-0.33332544959522686,-0.32608282087681034,1.3760441133086558,1.4682329502119182,4.0
-0.7469741767267039,-0.5625055151222087,-0.5532247597292628,-0.33332544959522686,-0.32608282087681034,1.3760441133086558,0.5825941198905633,1.4682329502119182,3.0
-0.5625055151222087,-0.5532247597292628,-0.33332544959522686,-0.32608282087681034,1.3760441133086558,0.5825941198905633,0.9606484204561535,1.4682329502119182,2.0
-0.5532247597292628,-0.33332544959522686,-0.32608282087681034,1.3760441133086558,0.5825941198905633,0.9606484204561535,-0.025895877813995584,1.4682329502119182,1.0
-0.33332544959522686,-0.32608282087681034,1.3760441133086558,0.5825941198905633,0.9606484204561535,-0.025895877813995584,0.4722441185124773,1.4682329502119182,0.0
-0.32608282087681034,1.3760441133086558,0.5825941198905633,0.9606484204561535,-0.025895877813995584,0.4722441185124773,1.4682329502119182,1.4144409640520204,1.0
1.3760441133086558,0.5825941198905633,0.9606484204561535,-0.025895877813995584,0.4722441185124773,1.4682329502119182,0.868532373791267,1.4144409640520204,0.0
0.5825941198905633,0.9606484204561535,-0.025895877813995584,0.4722441185124773,1.4682329502119182,0.868532373791267,1.4144409640520204,1.180857089103288,3.0
0.9606484204561535,-0.025895877813995584,0.4722441185124773,1.4682329502119182,0.868532373791267,1.4144409640520204,0.9510401089905154,1.180857089103288,2.0
-0.025895877813995584,0.4722441185124773,1.4682329502119182,0.868532373791267,1.4144409640520204,0.9510401089905154,0.6952916064562771,1.180857089103288,1.0
0.4722441185124773,1.4682329502119182,0.868532373791267,1.4144409640520204,0.9510401089905154,0.6952916064562771,0.37474159420776315,1.180857089103288,0.0
1.4682329502119182,0.868532373791267,1.4144409640520204,0.9510401089905154,0.6952916064562771,0.37474159420776315,1.180857089103288,1.0151137163210302,5.0
0.868532373791267,1.4144409640520204,0.9510401089905154,0.6952916064562771,0.37474159420776315,1.180857089103288,-0.01898080516827114,1.7424883708532668,6.0
1.4144409640520204,0.9510401089905154,0.6952916064562771,0.37474159420776315,1.180857089103288,-0.01898080516827114,0.5229789146605813,1.7424883708532668,5.0
0.9510401089905154,0.6952916064562771,0.37474159420776315,1.180857089103288,-0.01898080516827114,0.5229789146605813,0.3798187133344924,1.7424883708532668,4.0
0.6952916064562771,0.37474159420776315,1.180857089103288,-0.01898080516827114,0.5229789146605813,0.3798187133344924,0.27607442608903243,1.7424883708532668,3.0
0.37474159420776315,1.180857089103288,-0.01898080516827114,0.5229789146605813,0.3798187133344924,0.27607442608903243,0.7174744316013771,1.7424883708532668,2.0
1.180857089103288,-0.01898080516827114,0.5229789146605813,0.3798187133344924,0.27607442608903243,0.7174744316013771,1.0151137163210302,1.7424883708532668,1.0
-0.01898080516827114,0.5229789146605813,0.3798187133344924,0.27607442608903243,0.7174744316013771,1.0151137163210302,0.9651796127950625,1.7424883708532668,0.0
0.5229789146605813,0.3798187133344924,0.27607442608903243,0.7174744316013771,1.0151137163210302,0.9651796127950625,1.7424883708532668,1.2791967011493262,6.0
0.3798187133344924,0.27607442608903243,0.7174744316013771,1.0151137163210302,0.9651796127950625,1.7424883708532668,0.30428064345975037,1.4571870315383533,6.0
0.27607442608903243,0.7174744316013771,1.0151137163210302,0.9651796127950625,1.7424883708532668,0.30428064345975037,1.209954986894112,1.4571870315383533,5.0
0.7174744316013771,1.0151137163210302,0.9651796127950625,1.7424883708532668,0.30428064345975037,1.209954986894112,0.38955440771728855,1.4571870315383533,4.0
1.0151137163210302,0.9651796127950625,1.7424883708532668,0.30428064345975037,1.209954986894112,0.38955440771728855,1.0221379743243186,1.4571870315383533,3.0
0.9651796127950625,1.7424883708532668,0.30428064345975037,1.209954986894112,0.38955440771728855,1.0221379743243186,0.9209777405412085,1.4571870315383533,2.0
1.7424883708532668,0.30428064345975037,1.209954986894112,0.38955440771728855,1.0221379743243186,0.9209777405412085,0.2461758356760715,1.4571870315383533,1.0
0.30428064345975037,1.209954986894112,0.38955440771728855,1.0221379743243186,0.9209777405412085,0.2461758356760715,1.2791967011493262,1.4571870315383533,0.0
1.209954986894112,0.38955440771728855,1.0221379743243186,0.9209777405412085,0.2461758356760715,1.2791967011493262,1.4571870315383533,0.7181659388659497,6.0
0.38955440771728855,1.0221379743243186,0.9209777405412085,0.2461758356760715,1.2791967011493262,1.4571870315383533,-0.5198868305530335,1.3985908896456358,6.0
1.0221379743243186,0.9209777405412085,0.2461758356760715,1.2791967011493262,1.4571870315383533,-0.5198868305530335,-0.5787559358396609,1.3985908896456358,5.0
0.9209777405412085,0.2461758356760715,1.2791967011493262,1.4571870315383533,-0.5198868305530335,-0.5787559358396609,0.08561876737810731,1.3985908896456358,4.0
0.2461758356760715,1.2791967011493262,1.4571870315383533,-0.5198868305530335,-0.5787559358396609,0.08561876737810731,0.27652936507888276,1.3985908896456358,3.0
1.2791967011493262,1.4571870315383533,-0.5198868305530335,-0.5787559358396609,0.08561876737810731,0.27652936507888276,0.38955440771728855,1.3985908896456358,2.0
1.4571870315383533,-0.5198868305530335,-0.5787559358396609,0.08561876737810731,0.27652936507888276,0.38955440771728855,0.36511508518253105,1.3985908896456358,1.0
-0.5198868305530335,-0.5787559358396609,0.08561876737810731,0.27652936507888276,0.38955440771728855,0.36511508518253105,0.7181659388659497,1.8663773565692976,6.0
-0.5787559358396609,0.08561876737810731,0.27652936507888276,0.38955440771728855,0.36511508518253105,0.7181659388659497,1.3985908896456358,1.8663773565692976,5.0
0.08561876737810731,0.27652936507888276,0.38955440771728855,0.36511508518253105,0.7181659388659497,1.3985908896456358,0.9735504902083081,1.8663773565692976,4.0
0.27652936507888276,0.38955440771728855,0.36511508518253105,0.7181659388659497,1.3985908896456358,0.9735504902083081,0.8269327525593566,1.8663773565692976,3.0
0.38955440771728855,0.36511508518253105,0.7181659388659497,1.3985908896456358,0.9735504902083081,0.8269327525593566,0.8493885410983671,1.8663773565692976,2.0
0.36511508518253105,0.7181659388659497,1.3985908896456358,0.9735504902083081,0.8269327525593566,0.8493885410983671,1.1522141303023137,2.5178681875945057,6.0
0.7181659388659497,1.3985908896456358,0.9735504902083081,0.8269327525593566,0.8493885410983671,1.1522141303023137,0.7166737389792408,2.5178681875945057,5.0
1.3985908896456358,0.9735504902083081,0.8269327525593566,0.8493885410983671,1.1522141303023137,0.7166737389792408,1.8663773565692976,2.5178681875945057,4.0
0.9735504902083081,0.8269327525593566,0.8493885410983671,1.1522141303023137,0.7166737389792408,1.8663773565692976,0.2881030129806741,2.5178681875945057,3.0
0.8269327525593566,0.8493885410983671,1.1522141303023137,0.7166737389792408,1.8663773565692976,0.2881030129806741,0.5044719965534716,2.5178681875945057,2.0
0.8493885410983671,1.1522141303023137,0.7166737389792408,1.8663773565692976,0.2881030129806741,0.5044719965534716,0.8150133510252789,2.5178681875945057,1.0
1.1522141303023137,0.7166737389792408,1.8663773565692976,0.2881030129806741,0.5044719965534716,0.8150133510252789,1.1434429065779999,2.5178681875945057,0.0
0.7166737389792408,1.8663773565692976,0.2881030129806741,0.5044719965534716,0.8150133510252789,1.1434429065779999,2.5178681875945057,1.613758834285229,1.0
1.8663773565692976,0.2881030129806741,0.5044719965534716,0.8150133510252789,1.1434429065779999,2.5178681875945057,0.9037992442844616,1.613758834285229,0.0
0.2881030129806741,0.5044719965534716,0.8150133510252789,1.1434429065779999,2.5178681875945057,0.9037992442844616,1.613758834285229,2.440237398366452,6.0
0.5044719965534716,0.8150133510252789,1.1434429065779999,2.5178681875945057,0.9037992442844616,1.613758834285229,1.1651343976140618,2.726503208339848,6.0
0.8150133510252789,1.1434429065779999,2.5178681875945057,0.9037992442844616,1.613758834285229,1.1651343976140618,1.3634150069504118,2.726503208339848,5.0
1.1434429065779999,2.5178681875945057,0.9037992442844616,1.613758834285229,1.1651343976140618,1.3634150069504118,1.4064158402710611,2.726503208339848,4.0
2.5178681875945057,0.9037992442844616,1.613758834285229,1.1651343976140618,1.3634150069504118,1.4064158402710611,1.4421376497541056,2.726503208339848,3.0
0.9037992442844616,1.613758834285229,1.1651343976140618,1.3634150069504118,1.4064158402710611,1.4421376497541056,0.0019463883648423103,2.726503208339848,2.0
1.613758834285229,1.1651343976140618,1.3634150069504118,1.4064158402710611,1.4421376497541056,0.0019463883648423103,1.4555492511748922,2.726503208339848,1.0
1.1651343976140618,1.3634150069504118,1.4064158402710611,1.4421376497541056,0.0019463883648423103,1.4555492511748922,2.440237398366452,2.726503208339848,0.0
1.3634150069504118,1.4064158402710611,1.4421376497541056,0.0019463883648423103,1.4555492511748922,2.440237398366452,2.726503208339848,2.5946254939620466,2.0
1.4064158402710611,1.4421376497541056,0.0019463883648423103,1.4555492511748922,2.440237398366452,2.726503208339848,1.9792022260521691,2.5946254939620466,1.0
1.4421376497541056,0.0019463883648423103,1.4555492511748922,2.440237398366452,2.726503208339848,1.9792022260521691,1.274447138095289,2.5946254939620466,0.0
0.0019463883648423103,1.4555492511748922,2.440237398366452,2.726503208339848,1.9792022260521691,1.274447138095289,2.5946254939620466,2.2672877919849665,3.0
1.4555492511748922,2.440237398366452,2.726503208339848,1.9792022260521691,1.274447138095289,2.5946254939620466,1.5103239055528672,2.2672877919849665,2.0
2.440237398366452,2.726503208339848,1.9792022260521691,1.274447138095289,2.5946254939620466,1.5103239055528672,2.2469793154780495,2.2672877919849665,1.0
2.726503208339848,1.9792022260521691,1.274447138095289,2.5946254939620466,1.5103239055528672,2.2469793154780495,0.6114554494066656,2.2672877919849665,0.0
