Day 1,Day 2,Day 3,Day 4,Day 5,Day 6,Day 7,Peak Value,Peak Position
-1.017923524834589,-1.1175373668991755,-1.2908315203691985,0.16362752155193014,-1.1686773198812384,-1.1492877642482286,-1.1466217003486898,0.7591292489307357,0.0
-1.1175373668991755,-1.2908315203691985,0.16362752155193014,-1.1686773198812384,-1.1492877642482286,-1.1466217003486898,0.7591292489307357,0.18544077163906597,3.0
-1.2908315203691985,0.16362752155193014,-1.1686773198812384,-1.1492877642482286,-1.1466217003486898,0.7591292489307357,-1.0758498222882051,0.18544077163906597,2.0
0.16362752155193014,-1.1686773198812384,-1.1492877642482286,-1.1466217003486898,0.7591292489307357,-1.0758498222882051,-1.110993391873035,0.18544077163906597,1.0
-1.1686773198812384,-1.1492877642482286,-1.1466217003486898,0.7591292489307357,-1.0758498222882051,-1.110993391873035,-0.7421070959550282,0.18544077163906597,0.0
-1.1492877642482286,-1.1466217003486898,0.7591292489307357,-1.0758498222882051,-1.110993391873035,-0.7421070959550282,0.18544077163906597,-0.3979424834691089,1.0
-1.1466217003486898,0.7591292489307357,-1.0758498222882051,-1.110993391873035,-0.7421070959550282,0.18544077163906597,-1.1904905699683739,-0.3979424834691089,0.0
0.7591292489307357,-1.0758498222882051,-1.110993391873035,-0.7421070959550282,0.18544077163906597,-1.1904905699683739,-0.3979424834691089,-0.14999854081199918,6.0
-1.0758498222882051,-1.110993391873035,-0.7421070959550282,0.18544077163906597,-1.1904905699683739,-0.3979424834691089,-1.1890363532958983,-0.14999854081199918,5.0
-1.110993391873035,-0.7421070959550282,0.18544077163906597,-1.1904905699683739,-0.3979424834691089,-1.1890363532958983,-1.1088120668643213,-0.14999854081199918,4.0
-0.7421070959550282,0.18544077163906597,-1.1904905699683739,-0.3979424834691089,-1.1890363532958983,-1.1088120668643213,-1.1250508197069669,-0.14999854081199918,3.0
0.18544077163906597,-1.1904905699683739,-0.3979424834691089,-1.1890363532958983,-1.1088120668643213,-1.1250508197069669,-1.0615500250088605,-0.14999854081199918,2.0
-1.1904905699683739,-0.3979424834691089,-1.1890363532958983,-1.1088120668643213,-1.1250508197069669,-1.0615500250088605,-1.2181206867454126,-0.14999854081199918,1.0
-0.3979424834691089,-1.1890363532958983,-1.1088120668643213,-1.1250508197069669,-1.0615500250088605,-1.2181206867454126,-1.203820889466068,-0.14999854081199918,0.0
-1.1890363532958983,-1.1088120668643213,-1.1250508197069669,-1.0615500250088605,-1.2181206867454126,-1.203820889466068,-0.14999854081199918,-1.0438570554937392,4.0
-1.1088120668643213,-1.1250508197069669,-1.0615500250088605,-1.2181206867454126,-1.203820889466068,-0.14999854081199918,-1.1139018252179862,0.07055765451348416,6.0
-1.1250508197069669,-1.0615500250088605,-1.2181206867454126,-1.203820889466068,-0.14999854081199918,-1.1139018252179862,-1.062519502790511,0.07055765451348416,5.0
-1.0615500250088605,-1.2181206867454126,-1.203820889466068,-0.14999854081199918,-1.1139018252179862,-1.062519502790511,-1.0656703055808752,0.07055765451348416,4.0
-1.2181206867454126,-1.203820889466068,-0.14999854081199918,-1.1139018252179862,-1.062519502790511,-1.0656703055808752,-1.0639737194629868,0.07055765451348416,3.0
-1.203820889466068,-0.14999854081199918,-1.1139018252179862,-1.062519502790511,-1.0656703055808752,-1.0639737194629868,-1.0438570554937392,0.07055765451348416,2.0
-0.14999854081199918,-1.1139018252179862,-1.062519502790511,-1.0656703055808752,-1.0639737194629868,-1.0438570554937392,-1.086756447331773,0.07055765451348416,1.0
-1.1139018252179862,-1.062519502790511,-1.0656703055808752,-1.0639737194629868,-1.0438570554937392,-1.086756447331773,-1.0552484194281324,0.21113193285280366,6.0
-1.062519502790511,-1.0656703055808752,-1.0639737194629868,-1.0438570554937392,-1.086756447331773,-1.0552484194281324,0.07055765451348416,0.21113193285280366,5.0
-1.0656703055808752,-1.0639737194629868,-1.0438570554937392,-1.086756447331773,-1.0552484194281324,0.07055765451348416,-0.9629056607259245,0.21113193285280366,4.0
-1.0639737194629868,-1.0438570554937392,-1.086756447331773,-1.0552484194281324,0.07055765451348416,-0.9629056607259245,-1.0438570554937392,0.21113193285280366,3.0
-1.0438570554937392,-1.086756447331773,-1.0552484194281324,0.07055765451348416,-0.9629056607259245,-1.0438570554937392,-1.0821514278689333,0.2600905608261528,6.0
-1.086756447331773,-1.0552484194281324,0.07055765451348416,-0.9629056607259245,-1.0438570554937392,-1.0821514278689333,-1.0518552471923557,0.2600905608261528,5.0
-1.0552484194281324,0.07055765451348416,-0.9629056607259245,-1.0438570554937392,-1.0821514278689333,-1.0518552471923557,-1.0966935945936904,0.2600905608261528,4.0
0.07055765451348416,-0.9629056607259245,-1.0438570554937392,-1.0821514278689333,-1.0518552471923557,-1.0966935945936904,0.21113193285280366,0.2600905608261528,3.0
-0.9629056607259245,-1.0438570554937392,-1.0821514278689333,-1.0518552471923557,-1.0966935945936904,0.21113193285280366,-1.0760921917336177,0.2600905608261528,2.0
-1.0438570554937392,-1.0821514278689333,-1.0518552471923557,-1.0966935945936904,0.21113193285280366,-1.0760921917336177,-1.0937851612487388,0.2600905608261528,1.0
-1.0821514278689333,-1.0518552471923557,-1.0966935945936904,0.21113193285280366,-1.0760921917336177,-1.0937851612487388,-0.9837494330314097,0.2600905608261528,0.0
-1.0518552471923557,-1.0966935945936904,0.21113193285280366,-1.0760921917336177,-1.0937851612487388,-0.9837494330314097,0.2600905608261528,0.19343896333768243,3.0
-1.0966935945936904,0.21113193285280366,-1.0760921917336177,-1.0937851612487388,-0.9837494330314097,0.2600905608261528,-0.4585348448222635,0.19343896333768243,2.0
0.21113193285280366,-1.0760921917336177,-1.0937851612487388,-0.9837494330314097,0.2600905608261528,-0.4585348448222635,-1.1570435865014326,0.19343896333768243,1.0
-1.0760921917336177,-1.0937851612487388,-0.9837494330314097,0.2600905608261528,-0.4585348448222635,-1.1570435865014326,-1.175221294907379,0.19343896333768243,0.0
-1.0937851612487388,-0.9837494330314097,0.2600905608261528,-0.4585348448222635,-1.1570435865014326,-1.175221294907379,0.19343896333768243,-0.9638751385075749,0.0
-0.9837494330314097,0.2600905608261528,-0.4585348448222635,-1.1570435865014326,-1.175221294907379,0.19343896333768243,-0.9638751385075749,-0.8986777576915803,6.0
0.2600905608261528,-0.4585348448222635,-1.1570435865014326,-1.175221294907379,0.19343896333768243,-0.9638751385075749,-1.0348893860134725,-0.8981930188007552,6.0
-0.4585348448222635,-1.1570435865014326,-1.175221294907379,0.19343896333768243,-0.9638751385075749,-1.0348893860134725,-1.1953379588766264,-0.8756526603773815,6.0
-1.1570435865014326,-1.175221294907379,0.19343896333768243,-0.9638751385075749,-1.0348893860134725,-1.1953379588766264,-1.1301405780606317,-0.3552854610764879,6.0
-1.175221294907379,0.19343896333768243,-0.9638751385075749,-1.0348893860134725,-1.1953379588766264,-1.1301405780606317,-1.0656703055808752,-0.3552854610764879,5.0
0.19343896333768243,-0.9638751385075749,-1.0348893860134725,-1.1953379588766264,-1.1301405780606317,-1.0656703055808752,-1.0743956056157293,-0.029783295887339956,6.0
-0.9638751385075749,-1.0348893860134725,-1.1953379588766264,-1.1301405780606317,-1.0656703055808752,-1.0743956056157293,-1.131352425287695,-0.029783295887339956,5.0
-1.0348893860134725,-1.1953379588766264,-1.1301405780606317,-1.0656703055808752,-1.0743956056157293,-1.131352425287695,-0.8986777576915803,-0.029783295887339956,4.0
-1.1953379588766264,-1.1301405780606317,-1.0656703055808752,-1.0743956056157293,-1.131352425287695,-0.8986777576915803,-0.8981930188007552,0.3965445585934573,6.0
-1.1301405780606317,-1.0656703055808752,-1.0743956056157293,-1.131352425287695,-0.8986777576915803,-0.8981930188007552,-0.8756526603773815,0.3965445585934573,5.0
-1.0656703055808752,-1.0743956056157293,-1.131352425287695,-0.8986777576915803,-0.8981930188007552,-0.8756526603773815,-0.3552854610764879,0.3965445585934573,4.0
-1.0743956056157293,-1.131352425287695,-0.8986777576915803,-0.8981930188007552,-0.8756526603773815,-0.3552854610764879,-0.7956707433912171,0.3965445585934573,3.0
-1.131352425287695,-0.8986777576915803,-0.8981930188007552,-0.8756526603773815,-0.3552854610764879,-0.7956707433912171,-0.029783295887339956,0.3965445585934573,2.0
-0.8986777576915803,-0.8981930188007552,-0.8756526603773815,-0.3552854610764879,-0.7956707433912171,-0.029783295887339956,-0.6095310093143254,0.3965445585934573,1.0
-0.8981930188007552,-0.8756526603773815,-0.3552854610764879,-0.7956707433912171,-0.029783295887339956,-0.6095310093143254,-1.0317385832231083,0.3965445585934573,0.0
-0.8756526603773815,-0.3552854610764879,-0.7956707433912171,-0.029783295887339956,-0.6095310093143254,-1.0317385832231083,0.3965445585934573,0.3645517917989915,4.0
-0.3552854610764879,-0.7956707433912171,-0.029783295887339956,-0.6095310093143254,-1.0317385832231083,0.3965445585934573,-1.1434708975583259,0.3645517917989915,3.0
-0.7956707433912171,-0.029783295887339956,-0.6095310093143254,-1.0317385832231083,0.3965445585934573,-1.1434708975583259,-0.9471516467741042,0.3645517917989915,2.0
-0.029783295887339956,-0.6095310093143254,-1.0317385832231083,0.3965445585934573,-1.1434708975583259,-0.9471516467741042,-0.5971701675982819,0.3645517917989915,1.0
-0.6095310093143254,-1.0317385832231083,0.3965445585934573,-1.1434708975583259,-0.9471516467741042,-0.5971701675982819,-0.7484087015357563,0.5354222508148881,6.0
-1.0317385832231083,0.3965445585934573,-1.1434708975583259,-0.9471516467741042,-0.5971701675982819,-0.7484087015357563,0.3645517917989915,0.5354222508148881,5.0
0.3965445585934573,-1.1434708975583259,-0.9471516467741042,-0.5971701675982819,-0.7484087015357563,0.3645517917989915,-0.9403653023025509,0.5354222508148881,4.0
-1.1434708975583259,-0.9471516467741042,-0.5971701675982819,-0.7484087015357563,0.3645517917989915,-0.9403653023025509,-0.626496870493209,0.5354222508148881,3.0
-0.9471516467741042,-0.5971701675982819,-0.7484087015357563,0.3645517917989915,-0.9403653023025509,-0.626496870493209,-0.17617444091656204,0.5354222508148881,2.0
-0.5971701675982819,-0.7484087015357563,0.3645517917989915,-0.9403653023025509,-0.626496870493209,-0.17617444091656204,-0.4628974948396909,0.8291740186549826,6.0
-0.7484087015357563,0.3645517917989915,-0.9403653023025509,-0.626496870493209,-0.17617444091656204,-0.4628974948396909,-0.6582472678422621,0.8291740186549826,5.0
0.3645517917989915,-0.9403653023025509,-0.626496870493209,-0.17617444091656204,-0.4628974948396909,-0.6582472678422621,0.5354222508148881,0.8291740186549826,4.0
-0.9403653023025509,-0.626496870493209,-0.17617444091656204,-0.4628974948396909,-0.6582472678422621,0.5354222508148881,-0.7406528792825525,1.1680065033418248,6.0
-0.626496870493209,-0.17617444091656204,-0.4628974948396909,-0.6582472678422621,0.5354222508148881,-0.7406528792825525,-0.16308649086428062,1.1680065033418248,5.0
-0.17617444091656204,-0.4628974948396909,-0.6582472678422621,0.5354222508148881,-0.7406528792825525,-0.16308649086428062,0.29159858872979305,1.1680065033418248,4.0
-0.4628974948396909,-0.6582472678422621,0.5354222508148881,-0.7406528792825525,-0.16308649086428062,0.29159858872979305,0.487190731177777,1.1680065033418248,3.0
-0.6582472678422621,0.5354222508148881,-0.7406528792825525,-0.16308649086428062,0.29159858872979305,0.487190731177777,0.8291740186549826,1.1680065033418248,2.0
0.5354222508148881,-0.7406528792825525,-0.16308649086428062,0.29159858872979305,0.487190731177777,0.8291740186549826,-0.5188848367300057,1.1680065033418248,1.0
-0.7406528792825525,-0.16308649086428062,0.29159858872979305,0.487190731177777,0.8291740186549826,-0.5188848367300057,-0.6121970732138644,1.1680065033418248,0.0
-0.16308649086428062,0.29159858872979305,0.487190731177777,0.8291740186549826,-0.5188848367300057,-0.6121970732138644,1.1680065033418248,1.6033020273028886,6.0
0.29159858872979305,0.487190731177777,0.8291740186549826,-0.5188848367300057,-0.6121970732138644,1.1680065033418248,-0.0028802874465394847,1.6033020273028886,5.0
0.487190731177777,0.8291740186549826,-0.5188848367300057,-0.6121970732138644,1.1680065033418248,-0.0028802874465394847,0.04632070997222238,1.6033020273028886,4.0
0.8291740186549826,-0.5188848367300057,-0.6121970732138644,1.1680065033418248,-0.0028802874465394847,0.04632070997222238,0.30807971101785114,1.6033020273028886,3.0
-0.5188848367300057,-0.6121970732138644,1.1680065033418248,-0.0028802874465394847,0.04632070997222238,0.30807971101785114,0.08340323512035318,1.6033020273028886,2.0
-0.6121970732138644,1.1680065033418248,-0.0028802874465394847,0.04632070997222238,0.30807971101785114,0.08340323512035318,-0.2716680024091343,1.6033020273028886,1.0
1.1680065033418248,-0.0028802874465394847,0.04632070997222238,0.30807971101785114,0.08340323512035318,-0.2716680024091343,-0.001183701328651157,1.6033020273028886,0.0
-0.0028802874465394847,0.04632070997222238,0.30807971101785114,0.08340323512035318,-0.2716680024091343,-0.001183701328651157,1.6033020273028886,1.2349004702757076,6.0
0.04632070997222238,0.30807971101785114,0.08340323512035318,-0.2716680024091343,-0.001183701328651157,1.6033020273028886,0.044866493299746825,1.2349004702757076,5.0
0.30807971101785114,0.08340323512035318,-0.2716680024091343,-0.001183701328651157,1.6033020273028886,0.044866493299746825,0.30468653878207447,1.2349004702757076,4.0
0.08340323512035318,-0.2716680024091343,-0.001183701328651157,1.6033020273028886,0.044866493299746825,0.30468653878207447,0.13430081865700336,1.2349004702757076,3.0
-0.2716680024091343,-0.001183701328651157,1.6033020273028886,0.044866493299746825,0.30468653878207447,0.13430081865700336,0.015539790404819709,1.2349004702757076,2.0
-0.001183701328651157,1.6033020273028886,0.044866493299746825,0.30468653878207447,0.13430081865700336,0.015539790404819709,-0.19314030209544533,1.2349004702757076,1.0
1.6033020273028886,0.044866493299746825,0.30468653878207447,0.13430081865700336,0.015539790404819709,-0.19314030209544533,-0.13860717687760607,1.2349004702757076,0.0
0.044866493299746825,0.30468653878207447,0.13430081865700336,0.015539790404819709,-0.19314030209544533,-0.13860717687760607,1.2349004702757076,1.3451785679384491,6.0
0.30468653878207447,0.13430081865700336,0.015539790404819709,-0.19314030209544533,-0.13860717687760607,1.2349004702757076,-0.44908243645117146,1.3451785679384491,5.0
0.13430081865700336,0.015539790404819709,-0.19314030209544533,-0.13860717687760607,1.2349004702757076,-0.44908243645117146,-0.3000252275224107,1.3451785679384491,4.0
0.015539790404819709,-0.19314030209544533,-0.13860717687760607,1.2349004702757076,-0.44908243645117146,-0.3000252275224107,-0.06395738769051929,1.3451785679384491,3.0
0.08364560456576559,0.16968675768724548,0.7843356712536482,1.6997650665771116,0.20264900226336202,-0.0661387126992328,-0.1403037629954944,2.0836782681107007,2.0
0.16968675768724548,0.7843356712536482,1.6997650665771116,0.20264900226336202,-0.0661387126992328,-0.1403037629954944,-0.062260801572630954,2.0836782681107007,1.0
0.7843356712536482,1.6997650665771116,0.20264900226336202,-0.0661387126992328,-0.1403037629954944,-0.062260801572630954,0.09140142681896964,2.0836782681107007,0.0
1.6997650665771116,0.20264900226336202,-0.0661387126992328,-0.1403037629954944,-0.062260801572630954,0.09140142681896964,2.0836782681107007,2.1185794682501173,6.0
0.20264900226336202,-0.0661387126992328,-0.1403037629954944,-0.062260801572630954,0.09140142681896964,2.0836782681107007,0.43071865039663665,2.1185794682501173,5.0
-0.0661387126992328,-0.1403037629954944,-0.062260801572630954,0.09140142681896964,2.0836782681107007,0.43071865039663665,1.2421715536380864,2.1185794682501173,4.0
-0.1403037629954944,-0.062260801572630954,0.09140142681896964,2.0836782681107007,0.43071865039663665,1.2421715536380864,0.4614995699640393,2.1185794682501173,3.0
-0.062260801572630954,0.09140142681896964,2.0836782681107007,0.43071865039663665,1.2421715536380864,0.4614995699640393,0.28214618035870104,2.1185794682501173,2.0
0.09140142681896964,2.0836782681107007,0.43071865039663665,1.2421715536380864,0.4614995699640393,0.28214618035870104,0.755736076694959,2.1185794682501173,1.0
2.0836782681107007,0.43071865039663665,1.2421715536380864,0.4614995699640393,0.28214618035870104,0.755736076694959,0.18374418552117766,2.1185794682501173,0.0
0.43071865039663665,1.2421715536380864,0.4614995699640393,0.28214618035870104,0.755736076694959,0.18374418552117766,2.1185794682501173,2.0264790789933222,4.0
1.2421715536380864,0.4614995699640393,0.28214618035870104,0.755736076694959,0.18374418552117766,2.1185794682501173,0.4796772783699857,2.0264790789933222,3.0
0.4614995699640393,0.28214618035870104,0.755736076694959,0.18374418552117766,2.1185794682501173,0.4796772783699857,1.3706273597067746,2.0264790789933222,2.0
0.28214618035870104,0.755736076694959,0.18374418552117766,2.1185794682501173,0.4796772783699857,1.3706273597067746,1.6418387691234957,2.0264790789933222,1.0
0.755736076694959,0.18374418552117766,2.1185794682501173,0.4796772783699857,1.3706273597067746,1.6418387691234957,1.476785176797502,2.0264790789933222,0.0
0.18374418552117766,2.1185794682501173,0.4796772783699857,1.3706273597067746,1.6418387691234957,1.476785176797502,2.0264790789933222,1.0693621390588883,0.0
2.1185794682501173,0.4796772783699857,1.3706273597067746,1.6418387691234957,1.476785176797502,2.0264790789933222,1.0693621390588883,2.1391808711101903,6.0
0.4796772783699857,1.3706273597067746,1.6418387691234957,1.476785176797502,2.0264790789933222,1.0693621390588883,0.567415017609354,2.1391808711101903,5.0
1.3706273597067746,1.6418387691234957,1.476785176797502,2.0264790789933222,1.0693621390588883,0.567415017609354,0.45253190048377245,2.1391808711101903,4.0
1.6418387691234957,1.476785176797502,2.0264790789933222,1.0693621390588883,0.567415017609354,0.45253190048377245,0.2697853386426575,2.1391808711101903,3.0
1.476785176797502,2.0264790789933222,1.0693621390588883,0.567415017609354,0.45253190048377245,0.2697853386426575,0.1619309354340418,2.1391808711101903,2.0
2.0264790789933222,1.0693621390588883,0.567415017609354,0.45253190048377245,0.2697853386426575,0.1619309354340418,0.22252329678719676,2.1391808711101903,1.0
1.0693621390588883,0.567415017609354,0.45253190048377245,0.2697853386426575,0.1619309354340418,0.22252329678719676,0.6970826709051051,2.1391808711101903,0.0
0.567415017609354,0.45253190048377245,0.2697853386426575,0.1619309354340418,0.22252329678719676,0.6970826709051051,2.1391808711101903,1.969279889875944,3.0
0.45253190048377245,0.2697853386426575,0.1619309354340418,0.22252329678719676,0.6970826709051051,2.1391808711101903,1.0128900582777483,2.858291015649432,6.0
0.2697853386426575,0.1619309354340418,0.22252329678719676,0.6970826709051051,2.1391808711101903,1.0128900582777483,1.531803040906166,2.858291015649432,5.0
0.1619309354340418,0.22252329678719676,0.6970826709051051,2.1391808711101903,1.0128900582777483,1.531803040906166,1.4477008433479872,2.858291015649432,4.0
0.22252329678719676,0.6970826709051051,2.1391808711101903,1.0128900582777483,1.531803040906166,1.4477008433479872,1.969279889875944,2.858291015649432,3.0
0.6970826709051051,2.1391808711101903,1.0128900582777483,1.531803040906166,1.4477008433479872,1.969279889875944,1.7014616526949995,2.858291015649432,2.0
2.1391808711101903,1.0128900582777483,1.531803040906166,1.4477008433479872,1.969279889875944,1.7014616526949995,1.4331586766232303,2.858291015649432,1.0
1.0128900582777483,1.531803040906166,1.4477008433479872,1.969279889875944,1.7014616526949995,1.4331586766232303,1.446731365566337,2.858291015649432,0.0
1.531803040906166,1.4477008433479872,1.969279889875944,1.7014616526949995,1.4331586766232303,1.446731365566337,2.858291015649432,1.6391727052239566,6.0
1.4477008433479872,1.969279889875944,1.7014616526949995,1.4331586766232303,1.446731365566337,2.858291015649432,1.172369153359252,1.6391727052239566,5.0
1.969279889875944,1.7014616526949995,1.4331586766232303,1.446731365566337,2.858291015649432,1.172369153359252,0.8652870660214631,1.6391727052239566,4.0
1.7014616526949995,1.4331586766232303,1.446731365566337,2.858291015649432,1.172369153359252,0.8652870660214631,0.8839495133182347,1.6391727052239566,3.0
1.4331586766232303,1.446731365566337,2.858291015649432,1.172369153359252,0.8652870660214631,0.8839495133182347,1.064030011259811,1.6391727052239566,2.0
1.446731365566337,2.858291015649432,1.172369153359252,0.8652870660214631,0.8839495133182347,1.064030011259811,0.5821995537795237,1.6391727052239566,1.0
2.858291015649432,1.172369153359252,0.8652870660214631,0.8839495133182347,1.064030011259811,0.5821995537795237,0.6936894986693285,1.6391727052239566,0.0
1.172369153359252,0.8652870660214631,0.8839495133182347,1.064030011259811,0.5821995537795237,0.6936894986693285,1.6391727052239566,0.5308172313520483,0.0
0.8652870660214631,0.8839495133182347,1.064030011259811,0.5821995537795237,0.6936894986693285,1.6391727052239566,0.5308172313520483,0.10545885465290145,3.0
0.8839495133182347,1.064030011259811,0.5821995537795237,0.6936894986693285,1.6391727052239566,0.5308172313520483,-0.1912013465321446,0.10545885465290145,2.0
1.064030011259811,0.5821995537795237,0.6936894986693285,1.6391727052239566,0.5308172313520483,-0.1912013465321446,-0.2423412995142072,0.10545885465290145,1.0
0.5821995537795237,0.6936894986693285,1.6391727052239566,0.5308172313520483,-0.1912013465321446,-0.2423412995142072,-0.1260039657161498,0.10545885465290145,0.0
0.6936894986693285,1.6391727052239566,0.5308172313520483,-0.1912013465321446,-0.2423412995142072,-0.1260039657161498,0.10545885465290145,-0.0006989624378256129,1.0
1.6391727052239566,0.5308172313520483,-0.1912013465321446,-0.2423412995142072,-0.1260039657161498,0.10545885465290145,-0.19823006044911032,-0.0006989624378256129,0.0
0.5308172313520483,-0.1912013465321446,-0.2423412995142072,-0.1260039657161498,0.10545885465290145,-0.19823006044911032,-0.0006989624378256129,-0.04141702926714584,0.0
-0.1912013465321446,-0.2423412995142072,-0.1260039657161498,0.10545885465290145,-0.19823006044911032,-0.0006989624378256129,-0.04141702926714584,-0.10685677952855302,3.0
-0.2423412995142072,-0.1260039657161498,0.10545885465290145,-0.19823006044911032,-0.0006989624378256129,-0.04141702926714584,-0.25712583568437697,-0.10685677952855302,2.0
-0.1260039657161498,0.10545885465290145,-0.19823006044911032,-0.0006989624378256129,-0.04141702926714584,-0.25712583568437697,-0.2830593663435274,0.5092463507103252,6.0
0.10545885465290145,-0.19823006044911032,-0.0006989624378256129,-0.04141702926714584,-0.25712583568437697,-0.2830593663435274,-0.18683869651471757,1.2121177424069214,6.0
-0.19823006044911032,-0.0006989624378256129,-0.04141702926714584,-0.25712583568437697,-0.2830593663435274,-0.18683869651471757,-0.10685677952855302,1.2850709454761198,6.0
-0.0006989624378256129,-0.04141702926714584,-0.25712583568437697,-0.2830593663435274,-0.18683869651471757,-0.10685677952855302,-0.19653347433122234,1.2850709454761198,5.0
-0.04141702926714584,-0.25712583568437697,-0.2830593663435274,-0.18683869651471757,-0.10685677952855302,-0.19653347433122234,-0.31214369979304174,1.8713626339292457,6.0
-0.25712583568437697,-0.2830593663435274,-0.18683869651471757,-0.10685677952855302,-0.19653347433122234,-0.31214369979304174,-0.3043878775398377,1.8713626339292457,5.0
-0.2830593663435274,-0.18683869651471757,-0.10685677952855302,-0.19653347433122234,-0.31214369979304174,-0.3043878775398377,-0.2879067552517796,1.8713626339292457,4.0
-0.18683869651471757,-0.10685677952855302,-0.19653347433122234,-0.31214369979304174,-0.3043878775398377,-0.2879067552517796,0.5092463507103252,1.8713626339292457,3.0
-0.10685677952855302,-0.19653347433122234,-0.31214369979304174,-0.3043878775398377,-0.2879067552517796,0.5092463507103252,1.2121177424069214,1.8713626339292457,2.0
-0.19653347433122234,-0.31214369979304174,-0.3043878775398377,-0.2879067552517796,0.5092463507103252,1.2121177424069214,1.2850709454761198,1.8713626339292457,1.0
-0.31214369979304174,-0.3043878775398377,-0.2879067552517796,0.5092463507103252,1.2121177424069214,1.2850709454761198,0.9779888581383307,1.8713626339292457,0.0
-0.3043878775398377,-0.2879067552517796,0.5092463507103252,1.2121177424069214,1.2850709454761198,0.9779888581383307,1.8713626339292457,1.5398012326047825,6.0
-0.2879067552517796,0.5092463507103252,1.2121177424069214,1.2850709454761198,0.9779888581383307,1.8713626339292457,0.6396411123423145,1.5398012326047825,5.0
0.5092463507103252,1.2121177424069214,1.2850709454761198,0.9779888581383307,1.8713626339292457,0.6396411123423145,1.0412472833910247,1.5398012326047825,4.0
1.2121177424069214,1.2850709454761198,0.9779888581383307,1.8713626339292457,0.6396411123423145,1.0412472833910247,0.4387168420952531,1.5398012326047825,3.0
1.2850709454761198,0.9779888581383307,1.8713626339292457,0.6396411123423145,1.0412472833910247,0.4387168420952531,0.6549103874033094,1.5398012326047825,2.0
0.9779888581383307,1.8713626339292457,0.6396411123423145,1.0412472833910247,0.4387168420952531,0.6549103874033094,0.821418196401779,1.5398012326047825,1.0
1.8713626339292457,0.6396411123423145,1.0412472833910247,0.4387168420952531,0.6549103874033094,0.821418196401779,0.6360055706611254,1.5398012326047825,0.0
0.6396411123423145,1.0412472833910247,0.4387168420952531,0.6549103874033094,0.821418196401779,0.6360055706611254,1.5398012326047825,2.8173305793746994,6.0
1.0412472833910247,0.4387168420952531,0.6549103874033094,0.821418196401779,0.6360055706611254,1.5398012326047825,0.41157146420903984,2.8173305793746994,5.0
0.4387168420952531,0.6549103874033094,0.821418196401779,0.6360055706611254,1.5398012326047825,0.41157146420903984,0.577594534316684,2.8173305793746994,4.0
0.6549103874033094,0.821418196401779,0.6360055706611254,1.5398012326047825,0.41157146420903984,0.577594534316684,0.3873345196677777,2.8173305793746994,3.0
0.821418196401779,0.6360055706611254,1.5398012326047825,0.41157146420903984,0.577594534316684,0.3873345196677777,0.3640670529081663,2.8173305793746994,2.0
0.6360055706611254,1.5398012326047825,0.41157146420903984,0.577594534316684,0.3873345196677777,0.3640670529081663,0.4801620172608109,2.8173305793746994,1.0
1.5398012326047825,0.41157146420903984,0.577594534316684,0.3873345196677777,0.3640670529081663,0.4801620172608109,0.2566973885903761,2.8173305793746994,0.0
0.41157146420903984,0.577594534316684,0.3873345196677777,0.3640670529081663,0.4801620172608109,0.2566973885903761,2.8173305793746994,1.7390289167339554,0.0
0.577594534316684,0.3873345196677777,0.3640670529081663,0.4801620172608109,0.2566973885903761,2.8173305793746994,1.7390289167339554,1.6920092443239079,5.0
0.3873345196677777,0.3640670529081663,0.4801620172608109,0.2566973885903761,2.8173305793746994,1.7390289167339554,1.0182221860768257,1.6920092443239079,4.0
0.3640670529081663,0.4801620172608109,0.2566973885903761,2.8173305793746994,1.7390289167339554,1.0182221860768257,0.4617419394094521,1.6920092443239079,3.0
0.4801620172608109,0.2566973885903761,2.8173305793746994,1.7390289167339554,1.0182221860768257,0.4617419394094521,0.28335802758576417,1.6920092443239079,2.0
0.2566973885903761,2.8173305793746994,1.7390289167339554,1.0182221860768257,0.4617419394094521,0.28335802758576417,0.3965445585934573,1.6920092443239079,1.0
2.8173305793746994,1.7390289167339554,1.0182221860768257,0.4617419394094521,0.28335802758576417,0.3965445585934573,0.6408529595693776,1.6920092443239079,0.0
1.7390289167339554,1.0182221860768257,0.4617419394094521,0.28335802758576417,0.3965445585934573,0.6408529595693776,1.6920092443239079,2.7404994651788988,6.0
1.0182221860768257,0.4617419394094521,0.28335802758576417,0.3965445585934573,0.6408529595693776,1.6920092443239079,0.189803421656493,2.7404994651788988,5.0
0.4617419394094521,0.28335802758576417,0.3965445585934573,0.6408529595693776,1.6920092443239079,0.189803421656493,0.1815628605124638,2.7404994651788988,4.0
0.28335802758576417,0.3965445585934573,0.6408529595693776,1.6920092443239079,0.189803421656493,0.1815628605124638,0.5758979481987956,2.7404994651788988,3.0
0.3965445585934573,0.6408529595693776,1.6920092443239079,0.189803421656493,0.1815628605124638,0.5758979481987956,0.8778902771829193,2.7404994651788988,2.0
0.6408529595693776,1.6920092443239079,0.189803421656493,0.1815628605124638,0.5758979481987956,0.8778902771829193,0.6086178233294993,2.7404994651788988,1.0
1.6920092443239079,0.189803421656493,0.1815628605124638,0.5758979481987956,0.8778902771829193,0.6086178233294993,0.7409515405247893,2.7404994651788988,0.0
0.189803421656493,0.1815628605124638,0.5758979481987956,0.8778902771829193,0.6086178233294993,0.7409515405247893,2.7404994651788988,1.1680065033418248,6.0
0.1815628605124638,0.5758979481987956,0.8778902771829193,0.6086178233294993,0.7409515405247893,2.7404994651788988,1.1500711643812904,1.1680065033418248,5.0
0.5758979481987956,0.8778902771829193,0.6086178233294993,0.7409515405247893,2.7404994651788988,1.1500711643812904,0.9649009080860497,1.1680065033418248,4.0
0.8778902771829193,0.6086178233294993,0.7409515405247893,2.7404994651788988,1.1500711643812904,0.9649009080860497,0.9527824358154189,1.1680065033418248,3.0
0.6086178233294993,0.7409515405247893,2.7404994651788988,1.1500711643812904,0.9649009080860497,0.9527824358154189,0.45204716159294694,1.1680065033418248,2.0
0.7409515405247893,2.7404994651788988,1.1500711643812904,0.9649009080860497,0.9527824358154189,0.45204716159294694,-0.18926239096884348,1.1680065033418248,1.0
2.7404994651788988,1.1500711643812904,0.9649009080860497,0.9527824358154189,0.45204716159294694,-0.18926239096884348,0.31680501105270553,1.1680065033418248,0.0
1.1500711643812904,0.9649009080860497,0.9527824358154189,0.45204716159294694,-0.18926239096884348,0.31680501105270553,1.1680065033418248,1.9217754785750707,6.0
0.9649009080860497,0.9527824358154189,0.45204716159294694,-0.18926239096884348,0.31680501105270553,1.1680065033418248,0.03517171548324204,1.9217754785750707,5.0
0.9527824358154189,0.45204716159294694,-0.18926239096884348,0.31680501105270553,1.1680065033418248,0.03517171548324204,-0.2767577607627993,1.9217754785750707,4.0
0.45204716159294694,-0.18926239096884348,0.31680501105270553,1.1680065033418248,0.03517171548324204,-0.2767577607627993,-0.19490959904695757,1.9217754785750707,3.0
-0.18926239096884348,0.31680501105270553,1.1680065033418248,0.03517171548324204,-0.2767577607627993,-0.19490959904695757,-0.28321690648304537,1.9217754785750707,2.0
0.31680501105270553,1.1680065033418248,0.03517171548324204,-0.2767577607627993,-0.19490959904695757,-0.28321690648304537,-0.1130493188588453,1.9217754785750707,1.0
1.1680065033418248,0.03517171548324204,-0.2767577607627993,-0.19490959904695757,-0.28321690648304537,-0.1130493188588453,-0.2611249315336852,1.9217754785750707,0.0
0.03517171548324204,-0.2767577607627993,-0.19490959904695757,-0.28321690648304537,-0.1130493188588453,-0.2611249315336852,1.9217754785750707,1.4035896042828908,6.0
-0.2767577607627993,-0.19490959904695757,-0.28321690648304537,-0.1130493188588453,-0.2611249315336852,1.9217754785750707,0.9886531137364862,1.4035896042828908,5.0
-0.19490959904695757,-0.28321690648304537,-0.1130493188588453,-0.2611249315336852,1.9217754785750707,0.9886531137364862,0.5102158284919757,1.4035896042828908,4.0
-0.28321690648304537,-0.1130493188588453,-0.2611249315336852,1.9217754785750707,0.9886531137364862,0.5102158284919757,0.14011768534690594,1.4035896042828908,3.0
-0.1130493188588453,-0.2611249315336852,1.9217754785750707,0.9886531137364862,0.5102158284919757,0.14011768534690594,-0.11606681845423263,1.4035896042828908,2.0
-0.2611249315336852,1.9217754785750707,0.9886531137364862,0.5102158284919757,0.14011768534690594,-0.11606681845423263,-0.1117041684368056,1.4035896042828908,1.0
1.9217754785750707,0.9886531137364862,0.5102158284919757,0.14011768534690594,-0.11606681845423263,-0.1117041684368056,-0.2566410967935518,1.4035896042828908,0.0
0.9886531137364862,0.5102158284919757,0.14011768534690594,-0.11606681845423263,-0.1117041684368056,-0.2566410967935518,1.4035896042828908,0.18422892441200284,2.0
0.5102158284919757,0.14011768534690594,-0.11606681845423263,-0.1117041684368056,-0.2566410967935518,1.4035896042828908,0.0036636875796014134,0.7647037461752262,6.0
0.14011768534690594,-0.11606681845423263,-0.1117041684368056,-0.2566410967935518,1.4035896042828908,0.0036636875796014134,0.15005483260882352,0.7647037461752262,5.0
-0.11606681845423263,-0.1117041684368056,-0.2566410967935518,1.4035896042828908,0.0036636875796014134,0.15005483260882352,0.18422892441200284,0.7647037461752262,4.0
-0.1117041684368056,-0.2566410967935518,1.4035896042828908,0.0036636875796014134,0.15005483260882352,0.18422892441200284,0.06158998503321733,0.7647037461752262,3.0
-0.2566410967935518,1.4035896042828908,0.0036636875796014134,0.15005483260882352,0.18422892441200284,0.06158998503321733,-0.01572586805340815,0.7647037461752262,2.0
1.4035896042828908,0.0036636875796014134,0.15005483260882352,0.18422892441200284,0.06158998503321733,-0.01572586805340815,-0.05983710711850503,0.7647037461752262,1.0
0.0036636875796014134,0.15005483260882352,0.18422892441200284,0.06158998503321733,-0.01572586805340815,-0.05983710711850503,-0.16647966310005727,0.7647037461752262,0.0
0.15005483260882352,0.18422892441200284,0.06158998503321733,-0.01572586805340815,-0.05983710711850503,-0.16647966310005727,0.7647037461752262,1.471210679553011,6.0
0.18422892441200284,0.06158998503321733,-0.01572586805340815,-0.05983710711850503,-0.16647966310005727,0.7647037461752262,-0.019119040289184805,1.471210679553011,5.0
0.06158998503321733,-0.01572586805340815,-0.05983710711850503,-0.16647966310005727,0.7647037461752262,-0.019119040289184805,0.33474035001323954,1.471210679553011,4.0
-0.01572586805340815,-0.05983710711850503,-0.16647966310005727,0.7647037461752262,-0.019119040289184805,0.33474035001323954,-0.14151561022255754,1.471210679553011,3.0
-0.05983710711850503,-0.16647966310005727,0.7647037461752262,-0.019119040289184805,0.33474035001323954,-0.14151561022255754,-0.45053665312364705,1.471210679553011,2.0
-0.16647966310005727,0.7647037461752262,-0.019119040289184805,0.33474035001323954,-0.14151561022255754,-0.45053665312364705,-0.3930950945608563,1.471210679553011,1.0
0.7647037461752262,-0.019119040289184805,0.33474035001323954,-0.14151561022255754,-0.45053665312364705,-0.3930950945608563,0.09309801293685796,1.471210679553011,0.0
-0.019119040289184805,0.33474035001323954,-0.14151561022255754,-0.45053665312364705,-0.3930950945608563,0.09309801293685796,1.471210679553011,1.364325754126046,5.0
0.33474035001323954,-0.14151561022255754,-0.45053665312364705,-0.3930950945608563,0.09309801293685796,1.471210679553011,-0.09449593781250955,1.364325754126046,4.0
-0.14151561022255754,-0.45053665312364705,-0.3930950945608563,0.09309801293685796,1.471210679553011,-0.09449593781250955,0.3151084249348172,1.364325754126046,3.0
-0.45053665312364705,-0.3930950945608563,0.09309801293685796,1.471210679553011,-0.09449593781250955,0.3151084249348172,0.17380703825926008,1.364325754126046,2.0
-0.3930950945608563,0.09309801293685796,1.471210679553011,-0.09449593781250955,0.3151084249348172,0.17380703825926008,-0.2956625775049833,1.364325754126046,1.0
0.09309801293685796,1.471210679553011,-0.09449593781250955,0.3151084249348172,0.17380703825926008,-0.2956625775049833,0.15005483260882352,1.364325754126046,0.0
1.471210679553011,-0.09449593781250955,0.3151084249348172,0.17380703825926008,-0.2956625775049833,0.15005483260882352,1.364325754126046,0.6381868956698389,6.0
-0.09449593781250955,0.3151084249348172,0.17380703825926008,-0.2956625775049833,0.15005483260882352,1.364325754126046,-0.12236842403496075,0.6381868956698389,5.0
0.3151084249348172,0.17380703825926008,-0.2956625775049833,0.15005483260882352,1.364325754126046,-0.12236842403496075,-0.5094324283589137,0.6381868956698389,4.0
0.17380703825926008,-0.2956625775049833,0.15005483260882352,1.364325754126046,-0.12236842403496075,-0.5094324283589137,-0.20138086323947454,0.6381868956698389,3.0
-0.2956625775049833,0.15005483260882352,1.364325754126046,-0.12236842403496075,-0.5094324283589137,-0.20138086323947454,-0.3887324445434293,0.6381868956698389,2.0
0.15005483260882352,1.364325754126046,-0.12236842403496075,-0.5094324283589137,-0.20138086323947454,-0.3887324445434293,-0.47307701154702086,0.6381868956698389,1.0
1.364325754126046,-0.12236842403496075,-0.5094324283589137,-0.20138086323947454,-0.3887324445434293,-0.47307701154702086,-0.38291557785352637,0.6381868956698389,0.0
-0.12236842403496075,-0.5094324283589137,-0.20138086323947454,-0.3887324445434293,-0.47307701154702086,-0.38291557785352637,0.6381868956698389,1.8187684642747073,6.0
-0.5094324283589137,-0.20138086323947454,-0.3887324445434293,-0.47307701154702086,-0.38291557785352637,0.6381868956698389,-0.003122656891951898,1.8187684642747073,5.0
-0.20138086323947454,-0.3887324445434293,-0.47307701154702086,-0.38291557785352637,0.6381868956698389,-0.003122656891951898,-0.3274129748540367,1.8187684642747073,4.0
-0.3887324445434293,-0.47307701154702086,-0.38291557785352637,0.6381868956698389,-0.003122656891951898,-0.3274129748540367,0.5686268648364171,1.8187684642747073,3.0
-0.47307701154702086,-0.38291557785352637,0.6381868956698389,-0.003122656891951898,-0.3274129748540367,0.5686268648364171,-0.06662345159005834,1.8187684642747073,2.0
-0.38291557785352637,0.6381868956698389,-0.003122656891951898,-0.3274129748540367,0.5686268648364171,-0.06662345159005834,-0.06371501824510688,1.8187684642747073,1.0
0.6381868956698389,-0.003122656891951898,-0.3274129748540367,0.5686268648364171,-0.06662345159005834,-0.06371501824510688,-0.23143467447063926,1.8187684642747073,0.0
-0.003122656891951898,-0.3274129748540367,0.5686268648364171,-0.06662345159005834,-0.06371501824510688,-0.23143467447063926,1.8187684642747073,1.1682488727872369,6.0
-0.3274129748540367,0.5686268648364171,-0.06662345159005834,-0.06371501824510688,-0.23143467447063926,1.8187684642747073,0.25088052190047316,1.1682488727872369,5.0
0.5686268648364171,-0.06662345159005834,-0.06371501824510688,-0.23143467447063926,1.8187684642747073,0.25088052190047316,0.4101172475365639,1.1682488727872369,4.0
-0.06662345159005834,-0.06371501824510688,-0.23143467447063926,1.8187684642747073,0.25088052190047316,0.4101172475365639,0.09576407683639666,1.1682488727872369,3.0
-0.06371501824510688,-0.23143467447063926,1.8187684642747073,0.25088052190047316,0.4101172475365639,0.09576407683639666,0.1764731021587988,1.1682488727872369,2.0
-0.23143467447063926,1.8187684642747073,0.25088052190047316,0.4101172475365639,0.09576407683639666,0.1764731021587988,-0.045537309839160454,1.1682488727872369,1.0
1.8187684642747073,0.25088052190047316,0.4101172475365639,0.09576407683639666,0.1764731021587988,-0.045537309839160454,-0.24306840785044515,1.1682488727872369,0.0
0.25088052190047316,0.4101172475365639,0.09576407683639666,0.1764731021587988,-0.045537309839160454,-0.24306840785044515,1.1682488727872369,1.0007715860071176,6.0
0.4101172475365639,0.09576407683639666,0.1764731021587988,-0.045537309839160454,-0.24306840785044515,1.1682488727872369,-0.6383729733184274,1.0007715860071176,5.0
0.09576407683639666,0.1764731021587988,-0.045537309839160454,-0.24306840785044515,1.1682488727872369,-0.6383729733184274,-0.4956173699703943,1.0007715860071176,4.0
0.1764731021587988,-0.045537309839160454,-0.24306840785044515,1.1682488727872369,-0.6383729733184274,-0.4956173699703943,-0.533427003454763,1.0007715860071176,3.0
-0.045537309839160454,-0.24306840785044515,1.1682488727872369,-0.6383729733184274,-0.4956173699703943,-0.533427003454763,-0.5077358422410254,1.0007715860071176,2.0
-0.24306840785044515,1.1682488727872369,-0.6383729733184274,-0.4956173699703943,-0.533427003454763,-0.5077358422410254,0.2639684719527546,1.0007715860071176,1.0
1.1682488727872369,-0.6383729733184274,-0.4956173699703943,-0.533427003454763,-0.5077358422410254,0.2639684719527546,-0.08795196278636865,1.0007715860071176,0.0
-0.6383729733184274,-0.4956173699703943,-0.533427003454763,-0.5077358422410254,0.2639684719527546,-0.08795196278636865,1.0007715860071176,0.9503587413612926,6.0
-0.4956173699703943,-0.533427003454763,-0.5077358422410254,0.2639684719527546,-0.08795196278636865,1.0007715860071176,-0.6405542983271408,0.9503587413612926,5.0
-0.533427003454763,-0.5077358422410254,0.2639684719527546,-0.08795196278636865,1.0007715860071176,-0.6405542983271408,-0.8720171186961923,0.9503587413612926,4.0
-0.5077358422410254,0.2639684719527546,-0.08795196278636865,1.0007715860071176,-0.6405542983271408,-0.8720171186961923,-0.8458412185916294,0.9503587413612926,3.0
0.2639684719527546,-0.08795196278636865,1.0007715860071176,-0.6405542983271408,-0.8720171186961923,-0.8458412185916294,-0.8628070797705126,0.9503587413612926,2.0
-0.08795196278636865,1.0007715860071176,-0.6405542983271408,-0.8720171186961923,-0.8458412185916294,-0.8628070797705126,-0.8073044767710229,0.9503587413612926,1.0
1.0007715860071176,-0.6405542983271408,-0.8720171186961923,-0.8458412185916294,-0.8628070797705126,-0.8073044767710229,-0.7631932377059262,0.9503587413612926,0.0
-0.6405542983271408,-0.8720171186961923,-0.8458412185916294,-0.8628070797705126,-0.8073044767710229,-0.7631932377059262,0.9503587413612926,1.8330682615540521,6.0
-0.8720171186961923,-0.8458412185916294,-0.8628070797705126,-0.8073044767710229,-0.7631932377059262,0.9503587413612926,-0.40957621684891443,1.8330682615540521,5.0
-0.8458412185916294,-0.8628070797705126,-0.8073044767710229,-0.7631932377059262,0.9503587413612926,-0.40957621684891443,-0.5171882506121174,1.8330682615540521,4.0
-0.8628070797705126,-0.8073044767710229,-0.7631932377059262,0.9503587413612926,-0.40957621684891443,-0.5171882506121174,-0.2282838716802754,1.8330682615540521,3.0
-0.8073044767710229,-0.7631932377059262,0.9503587413612926,-0.40957621684891443,-0.5171882506121174,-0.2282838716802754,0.16799017156935717,1.8330682615540521,2.0
-0.7631932377059262,0.9503587413612926,-0.40957621684891443,-0.5171882506121174,-0.2282838716802754,0.16799017156935717,-0.019361409734597577,1.8330682615540521,1.0
0.9503587413612926,-0.40957621684891443,-0.5171882506121174,-0.2282838716802754,0.16799017156935717,-0.019361409734597577,0.07492030453091154,1.8330682615540521,0.0
-0.40957621684891443,-0.5171882506121174,-0.2282838716802754,0.16799017156935717,-0.019361409734597577,0.07492030453091154,1.8330682615540521,0.2765716831142109,6.0
-0.5171882506121174,-0.2282838716802754,0.16799017156935717,-0.019361409734597577,0.07492030453091154,1.8330682615540521,0.11297230746069271,0.2765716831142109,5.0
-0.2282838716802754,0.16799017156935717,-0.019361409734597577,0.07492030453091154,1.8330682615540521,0.11297230746069271,-0.12891239906110127,0.2765716831142109,4.0
0.16799017156935717,-0.019361409734597577,0.07492030453091154,1.8330682615540521,0.11297230746069271,-0.12891239906110127,-0.37079710558289564,0.2765716831142109,3.0
-0.019361409734597577,0.07492030453091154,1.8330682615540521,0.11297230746069271,-0.12891239906110127,-0.37079710558289564,-0.869593424242066,0.2765716831142109,2.0
0.07492030453091154,1.8330682615540521,0.11297230746069271,-0.12891239906110127,-0.37079710558289564,-0.869593424242066,-0.8073044767710229,0.2765716831142109,1.0
1.8330682615540521,0.11297230746069271,-0.12891239906110127,-0.37079710558289564,-0.869593424242066,-0.8073044767710229,0.26057529971697796,0.2765716831142109,0.0
0.11297230746069271,-0.12891239906110127,-0.37079710558289564,-0.869593424242066,-0.8073044767710229,0.26057529971697796,0.2765716831142109,0.8541380715324828,6.0
-0.12891239906110127,-0.37079710558289564,-0.869593424242066,-0.8073044767710229,0.26057529971697796,0.2765716831142109,-0.2331312605885276,0.8541380715324828,5.0
-0.37079710558289564,-0.869593424242066,-0.8073044767710229,0.26057529971697796,0.2765716831142109,-0.2331312605885276,-0.45417219480483645,0.8541380715324828,4.0
-0.869593424242066,-0.8073044767710229,0.26057529971697796,0.2765716831142109,-0.2331312605885276,-0.45417219480483645,-0.6029870342881849,0.8541380715324828,3.0
-0.8073044767710229,0.26057529971697796,0.2765716831142109,-0.2331312605885276,-0.45417219480483645,-0.6029870342881849,-0.7728880155224309,0.8541380715324828,2.0
0.26057529971697796,0.2765716831142109,-0.2331312605885276,-0.45417219480483645,-0.6029870342881849,-0.7728880155224309,-0.007000568018553739,0.8541380715324828,1.0
0.2765716831142109,-0.2331312605885276,-0.45417219480483645,-0.6029870342881849,-0.7728880155224309,-0.007000568018553739,0.04922914331717385,0.8541380715324828,0.0
-0.2331312605885276,-0.45417219480483645,-0.6029870342881849,-0.7728880155224309,-0.007000568018553739,0.04922914331717385,0.8541380715324828,0.37860921963292327,6.0
-0.45417219480483645,-0.6029870342881849,-0.7728880155224309,-0.007000568018553739,0.04922914331717385,0.8541380715324828,-0.33953144712466743,0.37860921963292327,5.0
-0.6029870342881849,-0.7728880155224309,-0.007000568018553739,0.04922914331717385,0.8541380715324828,-0.33953144712466743,-0.6914518818637908,0.37860921963292327,4.0
-0.7728880155224309,-0.007000568018553739,0.04922914331717385,0.8541380715324828,-0.33953144712466743,-0.6914518818637908,-0.7653745627146397,0.37860921963292327,3.0
-0.007000568018553739,0.04922914331717385,0.8541380715324828,-0.33953144712466743,-0.6914518818637908,-0.7653745627146397,-0.9023132993727696,0.37860921963292327,2.0
0.04922914331717385,0.8541380715324828,-0.33953144712466743,-0.6914518818637908,-0.7653745627146397,-0.9023132993727696,-0.719324368086242,0.37860921963292327,1.0
0.8541380715324828,-0.33953144712466743,-0.6914518818637908,-0.7653745627146397,-0.9023132993727696,-0.719324368086242,-0.9498177106736431,0.37860921963292327,0.0
-0.33953144712466743,-0.6914518818637908,-0.7653745627146397,-0.9023132993727696,-0.719324368086242,-0.9498177106736431,0.37860921963292327,-0.7018737680165335,3.0
-0.6914518818637908,-0.7653745627146397,-0.9023132993727696,-0.719324368086242,-0.9498177106736431,0.37860921963292327,-0.8087586934434986,0.23342992183076433,6.0
-0.7653745627146397,-0.9023132993727696,-0.719324368086242,-0.9498177106736431,0.37860921963292327,-0.8087586934434986,-0.926307874468619,0.23342992183076433,5.0
-0.9023132993727696,-0.719324368086242,-0.9498177106736431,0.37860921963292327,-0.8087586934434986,-0.926307874468619,-0.724414126439907,0.23342992183076433,4.0
-0.719324368086242,-0.9498177106736431,0.37860921963292327,-0.8087586934434986,-0.926307874468619,-0.724414126439907,-0.7018737680165335,0.23342992183076433,3.0
-0.9498177106736431,0.37860921963292327,-0.8087586934434986,-0.926307874468619,-0.724414126439907,-0.7018737680165335,-0.7542255682256593,0.23342992183076433,2.0
0.37860921963292327,-0.8087586934434986,-0.926307874468619,-0.724414126439907,-0.7018737680165335,-0.7542255682256593,-1.0297996276598074,0.23342992183076433,1.0
-0.8087586934434986,-0.926307874468619,-0.724414126439907,-0.7018737680165335,-0.7542255682256593,-1.0297996276598074,-1.1342608586326464,0.23342992183076433,0.0
-0.926307874468619,-0.724414126439907,-0.7018737680165335,-0.7542255682256593,-1.0297996276598074,-1.1342608586326464,0.23342992183076433,-0.1887776520780183,5.0
-0.724414126439907,-0.7018737680165335,-0.7542255682256593,-1.0297996276598074,-1.1342608586326464,0.23342992183076433,-1.0518552471923557,-0.1887776520780183,4.0
-0.7018737680165335,-0.7542255682256593,-1.0297996276598074,-1.1342608586326464,0.23342992183076433,-1.0518552471923557,-0.9297010467043956,-0.1887776520780183,3.0
-0.7542255682256593,-1.0297996276598074,-1.1342608586326464,0.23342992183076433,-1.0518552471923557,-0.9297010467043956,-1.096935964039103,-0.1887776520780183,2.0
-1.0297996276598074,-1.1342608586326464,0.23342992183076433,-1.0518552471923557,-0.9297010467043956,-1.096935964039103,-1.064458458353812,-0.1887776520780183,1.0
-1.1342608586326464,0.23342992183076433,-1.0518552471923557,-0.9297010467043956,-1.096935964039103,-1.064458458353812,-1.0474925971749287,-0.1887776520780183,0.0
0.23342992183076433,-1.0518552471923557,-0.9297010467043956,-1.096935964039103,-1.064458458353812,-1.0474925971749287,-0.1887776520780183,-1.007259269236434,1.0
-1.0518552471923557,-0.9297010467043956,-1.096935964039103,-1.064458458353812,-1.0474925971749287,-0.1887776520780183,-1.0247098693061423,-0.9202486383333036,6.0
-0.9297010467043956,-1.096935964039103,-1.064458458353812,-1.0474925971749287,-0.1887776520780183,-1.0247098693061423,-1.007259269236434,-0.2631850718196923,6.0
-1.096935964039103,-1.064458458353812,-1.0474925971749287,-0.1887776520780183,-1.0247098693061423,-1.007259269236434,-1.0082287470180842,-0.2631850718196923,5.0
-1.064458458353812,-1.0474925971749287,-0.1887776520780183,-1.0247098693061423,-1.007259269236434,-1.0082287470180842,-1.2212714895357766,-0.2631850718196923,4.0
-1.0474925971749287,-0.1887776520780183,-1.0247098693061423,-1.007259269236434,-1.0082287470180842,-1.2212714895357766,-1.2038208894660682,-0.2631850718196923,3.0
-0.1887776520780183,-1.0247098693061423,-1.007259269236434,-1.0082287470180842,-1.2212714895357766,-1.2038208894660682,-1.0254369776423802,-0.2631850718196923,2.0
-1.0247098693061423,-1.007259269236434,-1.0082287470180842,-1.2212714895357766,-1.2038208894660682,-1.0254369776423802,-1.087968294558836,-0.2631850718196923,1.0
-1.007259269236434,-1.0082287470180842,-1.2212714895357766,-1.2038208894660682,-1.0254369776423802,-1.087968294558836,-0.9202486383333036,1.0024681721250055,6.0
-1.0082287470180842,-1.2212714895357766,-1.2038208894660682,-1.0254369776423802,-1.087968294558836,-0.9202486383333036,-0.2631850718196923,1.198302684018402,6.0
-1.2212714895357766,-1.2038208894660682,-1.0254369776423802,-1.087968294558836,-0.9202486383333036,-0.2631850718196923,-0.714234609732577,1.2259328007954409,6.0
-1.2038208894660682,-1.0254369776423802,-1.087968294558836,-0.9202486383333036,-0.2631850718196923,-0.714234609732577,-1.2101224950467961,1.2259328007954409,5.0
-1.0254369776423802,-1.087968294558836,-0.9202486383333036,-0.2631850718196923,-0.714234609732577,-1.2101224950467961,-1.1359574447505347,1.2259328007954409,4.0
-1.087968294558836,-0.9202486383333036,-0.2631850718196923,-0.714234609732577,-1.2101224950467961,-1.1359574447505347,-1.1059036335193697,1.2259328007954409,3.0
-0.9202486383333036,-0.2631850718196923,-0.714234609732577,-1.2101224950467961,-1.1359574447505347,-1.1059036335193697,-0.45853484482226387,1.2259328007954409,2.0
-0.2631850718196923,-0.714234609732577,-1.2101224950467961,-1.1359574447505347,-1.1059036335193697,-0.45853484482226387,1.0024681721250055,1.2259328007954409,1.0
-0.714234609732577,-1.2101224950467961,-1.1359574447505347,-1.1059036335193697,-0.45853484482226387,1.0024681721250055,1.198302684018402,1.578337974425389,6.0
-1.2101224950467961,-1.1359574447505347,-1.1059036335193697,-0.45853484482226387,1.0024681721250055,1.198302684018402,1.2259328007954409,1.578337974425389,5.0
-1.1359574447505347,-1.1059036335193697,-0.45853484482226387,1.0024681721250055,1.198302684018402,1.2259328007954409,0.9062475022961958,1.578337974425389,4.0
-1.1059036335193697,-0.45853484482226387,1.0024681721250055,1.198302684018402,1.2259328007954409,0.9062475022961958,0.8240842603013177,1.578337974425389,3.0
-0.45853484482226387,1.0024681721250055,1.198302684018402,1.2259328007954409,0.9062475022961958,0.8240842603013177,0.74192101830644,1.578337974425389,2.0
1.0024681721250055,1.198302684018402,1.2259328007954409,0.9062475022961958,0.8240842603013177,0.74192101830644,0.6650899041106394,1.578337974425389,1.0
1.198302684018402,1.2259328007954409,0.9062475022961958,0.8240842603013177,0.74192101830644,0.6650899041106394,0.7535547516862455,1.578337974425389,0.0
1.2259328007954409,0.9062475022961958,0.8240842603013177,0.74192101830644,0.6650899041106394,0.7535547516862455,1.578337974425389,0.7719748295376048,2.0
0.9062475022961958,0.8240842603013177,0.74192101830644,0.6650899041106394,0.7535547516862455,1.578337974425389,0.7285906988087458,0.7719748295376048,1.0
0.8240842603013177,0.74192101830644,0.6650899041106394,0.7535547516862455,1.578337974425389,0.7285906988087458,0.5320290785791114,0.7719748295376048,0.0
0.74192101830644,0.6650899041106394,0.7535547516862455,1.578337974425389,0.7285906988087458,0.5320290785791114,0.7719748295376048,0.7038690153766585,0.0
0.6650899041106394,0.7535547516862455,1.578337974425389,0.7285906988087458,0.5320290785791114,0.7719748295376048,0.7038690153766585,-0.09425356836709677,1.0
0.7535547516862455,1.578337974425389,0.7285906988087458,0.5320290785791114,0.7719748295376048,0.7038690153766585,-0.2694866774004204,-0.09425356836709677,0.0
1.578337974425389,0.7285906988087458,0.5320290785791114,0.7719748295376048,0.7038690153766585,-0.2694866774004204,-0.09425356836709677,-0.7966402211728675,1.0
0.7285906988087458,0.5320290785791114,0.7719748295376048,0.7038690153766585,-0.2694866774004204,-0.09425356836709677,-0.9241265494599055,-0.2277991327894502,6.0
0.5320290785791114,0.7719748295376048,0.7038690153766585,-0.2694866774004204,-0.09425356836709677,-0.9241265494599055,-0.7966402211728675,-0.2277991327894502,5.0
0.7719748295376048,0.7038690153766585,-0.2694866774004204,-0.09425356836709677,-0.9241265494599055,-0.7966402211728675,-1.0344046471226471,-0.2277991327894502,4.0
0.7038690153766585,-0.2694866774004204,-0.09425356836709677,-0.9241265494599055,-0.7966402211728675,-1.0344046471226471,-0.9636327690621623,-0.2277991327894502,3.0
-0.2694866774004204,-0.09425356836709677,-0.9241265494599055,-0.7966402211728675,-1.0344046471226471,-0.9636327690621623,-1.147833547575753,-0.2277991327894502,2.0
-0.09425356836709677,-0.9241265494599055,-0.7966402211728675,-1.0344046471226471,-0.9636327690621623,-1.147833547575753,-1.4534614182410661,-0.2277991327894502,1.0
-0.9241265494599055,-0.7966402211728675,-1.0344046471226471,-0.9636327690621623,-1.147833547575753,-1.4534614182410661,-1.0457960110570401,-0.2277991327894502,0.0
-0.7966402211728675,-1.0344046471226471,-0.9636327690621623,-1.147833547575753,-1.4534614182410661,-1.0457960110570401,-0.2277991327894502,-0.6597014845147376,0.0
-1.0344046471226471,-0.9636327690621623,-1.147833547575753,-1.4534614182410661,-1.0457960110570401,-0.2277991327894502,-0.6597014845147376,-0.896981171573692,1.0
-0.9636327690621623,-1.147833547575753,-1.4534614182410661,-1.0457960110570401,-0.2277991327894502,-0.6597014845147376,-1.0317385832231083,-0.896981171573692,0.0
-1.147833547575753,-1.4534614182410661,-1.0457960110570401,-0.2277991327894502,-0.6597014845147376,-1.0317385832231083,-0.896981171573692,-1.345122276141625,0.0
-1.4534614182410661,-1.0457960110570401,-0.2277991327894502,-0.6597014845147376,-1.0317385832231083,-0.896981171573692,-1.345122276141625,-1.404502790267717,6.0
-1.0457960110570401,-0.2277991327894502,-0.6597014845147376,-1.0317385832231083,-0.896981171573692,-1.345122276141625,-1.476486515555265,-1.3984435541324014,6.0
-0.2277991327894502,-0.6597014845147376,-1.0317385832231083,-0.896981171573692,-1.345122276141625,-1.476486515555265,-1.4781831016731533,-1.3984435541324014,5.0
-0.6597014845147376,-1.0317385832231083,-0.896981171573692,-1.345122276141625,-1.476486515555265,-1.4781831016731533,-1.4372226653984206,-1.363057615102159,6.0
-1.0317385832231083,-0.896981171573692,-1.345122276141625,-1.476486515555265,-1.4781831016731533,-1.4372226653984206,-1.460974871048857,-0.994413688629565,6.0
-0.896981171573692,-1.345122276141625,-1.476486515555265,-1.4781831016731533,-1.4372226653984206,-1.460974871048857,-1.449583507114464,-0.9583006412630848,6.0
-1.345122276141625,-1.476486515555265,-1.4781831016731533,-1.4372226653984206,-1.460974871048857,-1.449583507114464,-1.4299515820360418,-0.9583006412630848,5.0
-1.476486515555265,-1.4781831016731533,-1.4372226653984206,-1.460974871048857,-1.449583507114464,-1.4299515820360418,-1.404502790267717,0.5652336926006404,6.0
-1.4781831016731533,-1.4372226653984206,-1.460974871048857,-1.449583507114464,-1.4299515820360418,-1.404502790267717,-1.3984435541324014,0.5652336926006404,5.0
-1.4372226653984206,-1.460974871048857,-1.449583507114464,-1.4299515820360418,-1.404502790267717,-1.3984435541324014,-1.3989282930232265,0.5652336926006404,4.0
-1.460974871048857,-1.449583507114464,-1.4299515820360418,-1.404502790267717,-1.3984435541324014,-1.3989282930232265,-1.363057615102159,0.5652336926006404,3.0
-1.449583507114464,-1.4299515820360418,-1.404502790267717,-1.3984435541324014,-1.3989282930232265,-1.363057615102159,-0.994413688629565,0.5652336926006404,2.0
-1.4299515820360418,-1.404502790267717,-1.3984435541324014,-1.3989282930232265,-1.363057615102159,-0.994413688629565,-0.9583006412630848,0.5652336926006404,1.0
-1.404502790267717,-1.3984435541324014,-1.3989282930232265,-1.363057615102159,-0.994413688629565,-0.9583006412630848,-0.9837494330314097,0.5652336926006404,0.0
-1.3984435541324014,-1.3989282930232265,-1.363057615102159,-0.994413688629565,-0.9583006412630848,-0.9837494330314097,0.5652336926006404,-0.9495753412282303,1.0
-1.3989282930232265,-1.363057615102159,-0.994413688629565,-0.9583006412630848,-0.9837494330314097,0.5652336926006404,-1.1926718949770876,-0.5302762006643992,6.0
-1.363057615102159,-0.994413688629565,-0.9583006412630848,-0.9837494330314097,0.5652336926006404,-1.1926718949770876,-0.9495753412282303,-0.5302762006643992,5.0
-0.994413688629565,-0.9583006412630848,-0.9837494330314097,0.5652336926006404,-1.1926718949770876,-0.9495753412282303,-1.0799701028602195,-0.5302762006643992,4.0
-0.9583006412630848,-0.9837494330314097,0.5652336926006404,-1.1926718949770876,-0.9495753412282303,-1.0799701028602195,-1.1965498061036894,-0.5302762006643992,3.0
-0.9837494330314097,0.5652336926006404,-1.1926718949770876,-0.9495753412282303,-1.0799701028602195,-1.1965498061036894,-1.2949518009412129,-0.5302762006643992,2.0
0.5652336926006404,-1.1926718949770876,-0.9495753412282303,-1.0799701028602195,-1.1965498061036894,-1.2949518009412129,-1.094997008475802,-0.5302762006643992,1.0
-1.1926718949770876,-0.9495753412282303,-1.0799701028602195,-1.1965498061036894,-1.2949518009412129,-1.094997008475802,-1.3058584259847807,-0.5302762006643992,0.0
-0.9495753412282303,-1.0799701028602195,-1.1965498061036894,-1.2949518009412129,-1.094997008475802,-1.3058584259847807,-0.5302762006643992,-0.40594067516772536,6.0
-1.0799701028602195,-1.1965498061036894,-1.2949518009412129,-1.094997008475802,-1.3058584259847807,-0.5302762006643992,-1.0113795498084484,-0.40594067516772536,5.0
-1.1965498061036894,-1.2949518009412129,-1.094997008475802,-1.3058584259847807,-0.5302762006643992,-1.0113795498084484,-1.0877259251134235,-0.40594067516772536,4.0
-1.2949518009412129,-1.094997008475802,-1.3058584259847807,-0.5302762006643992,-1.0113795498084484,-1.0877259251134235,-0.9107962299622114,-0.40594067516772536,3.0
-1.094997008475802,-1.3058584259847807,-0.5302762006643992,-1.0113795498084484,-1.0877259251134235,-0.9107962299622114,-1.0208319581795404,-0.40594067516772536,2.0
-1.3058584259847807,-0.5302762006643992,-1.0113795498084484,-1.0877259251134235,-0.9107962299622114,-1.0208319581795404,-1.1386235086500736,-0.40594067516772536,1.0
-0.5302762006643992,-1.0113795498084484,-1.0877259251134235,-0.9107962299622114,-1.0208319581795404,-1.1386235086500736,-1.0431299471575015,-0.40594067516772536,0.0
-1.0113795498084484,-1.0877259251134235,-0.9107962299622114,-1.0208319581795404,-1.1386235086500736,-1.0431299471575015,-0.40594067516772536,-0.252036077330712,6.0
-1.0877259251134235,-0.9107962299622114,-1.0208319581795404,-1.1386235086500736,-1.0431299471575015,-0.40594067516772536,-1.027375933205681,-0.252036077330712,5.0
-0.9107962299622114,-1.0208319581795404,-1.1386235086500736,-1.0431299471575015,-0.40594067516772536,-1.027375933205681,-1.000230555319468,-0.252036077330712,4.0
-1.0208319581795404,-1.1386235086500736,-1.0431299471575015,-0.40594067516772536,-1.027375933205681,-1.000230555319468,-0.6483101205803445,-0.252036077330712,3.0
-1.1386235086500736,-1.0431299471575015,-0.40594067516772536,-1.027375933205681,-1.000230555319468,-0.6483101205803445,-1.1769178810252674,-0.252036077330712,2.0
-1.0431299471575015,-0.40594067516772536,-1.027375933205681,-1.000230555319468,-0.6483101205803445,-1.1769178810252674,-1.0528247249740064,-0.252036077330712,1.0
-0.40594067516772536,-1.027375933205681,-1.000230555319468,-0.6483101205803445,-1.1769178810252674,-1.0528247249740064,-0.8671697297879398,-0.252036077330712,0.0
-1.027375933205681,-1.000230555319468,-0.6483101205803445,-1.1769178810252674,-1.0528247249740064,-0.8671697297879398,-0.252036077330712,-0.7631932377059262,1.0
-1.000230555319468,-0.6483101205803445,-1.1769178810252674,-1.0528247249740064,-0.8671697297879398,-0.252036077330712,-0.8887406104296629,-0.7631932377059262,0.0
-0.6483101205803445,-1.1769178810252674,-1.0528247249740064,-0.8671697297879398,-0.252036077330712,-0.8887406104296629,-0.7631932377059262,-0.8455988491462167,3.0
-1.1769178810252674,-1.0528247249740064,-0.8671697297879398,-0.252036077330712,-0.8887406104296629,-0.7631932377059262,-0.9866578663763611,0.036868301601130374,6.0
-1.0528247249740064,-0.8671697297879398,-0.252036077330712,-0.8887406104296629,-0.7631932377059262,-0.9866578663763611,-1.21327329783716,2.66197176486521,6.0
-0.8671697297879398,-0.252036077330712,-0.8887406104296629,-0.7631932377059262,-0.9866578663763611,-1.21327329783716,-0.9612090746080362,2.66197176486521,5.0
-0.252036077330712,-0.8887406104296629,-0.7631932377059262,-0.9866578663763611,-1.21327329783716,-0.9612090746080362,-0.8455988491462167,2.66197176486521,4.0
-0.8887406104296629,-0.7631932377059262,-0.9866578663763611,-1.21327329783716,-0.9612090746080362,-0.8455988491462167,-1.0528247249740064,2.66197176486521,3.0
-0.7631932377059262,-0.9866578663763611,-1.21327329783716,-0.9612090746080362,-0.8455988491462167,-1.0528247249740064,-1.0668821528079382,2.66197176486521,2.0
-0.9866578663763611,-1.21327329783716,-0.9612090746080362,-0.8455988491462167,-1.0528247249740064,-1.0668821528079382,-1.1308676863968696,2.66197176486521,1.0
-1.21327329783716,-0.9612090746080362,-0.8455988491462167,-1.0528247249740064,-1.0668821528079382,-1.1308676863968696,0.036868301601130374,2.66197176486521,0.0
-0.9612090746080362,-0.8455988491462167,-1.0528247249740064,-1.0668821528079382,-1.1308676863968696,0.036868301601130374,2.66197176486521,-0.7447731598545672,2.0
-0.8455988491462167,-1.0528247249740064,-1.0668821528079382,-1.1308676863968696,0.036868301601130374,2.66197176486521,-0.8947998465649785,-0.7447731598545672,1.0
-1.0528247249740064,-1.0668821528079382,-1.1308676863968696,0.036868301601130374,2.66197176486521,-0.8947998465649785,-0.7530137209985962,0.7031419070404209,6.0
-1.0668821528079382,-1.1308676863968696,0.036868301601130374,2.66197176486521,-0.8947998465649785,-0.7530137209985962,-0.7447731598545672,0.7031419070404209,5.0
-1.1308676863968696,0.036868301601130374,2.66197176486521,-0.8947998465649785,-0.7530137209985962,-0.7447731598545672,-0.8300872046398091,0.7031419070404209,4.0
0.036868301601130374,2.66197176486521,-0.8947998465649785,-0.7530137209985962,-0.7447731598545672,-0.8300872046398091,-0.8698357936874785,0.7031419070404209,3.0
2.66197176486521,-0.8947998465649785,-0.7530137209985962,-0.7447731598545672,-0.8300872046398091,-0.8698357936874785,-0.8157874073604645,0.7031419070404209,2.0
-0.8947998465649785,-0.7530137209985962,-0.7447731598545672,-0.8300872046398091,-0.8698357936874785,-0.8157874073604645,-1.1526809364840054,0.7031419070404209,1.0
-0.7530137209985962,-0.7447731598545672,-0.8300872046398091,-0.8698357936874785,-0.8157874073604645,-1.1526809364840054,-1.1151136724450494,0.7031419070404209,0.0
-0.7447731598545672,-0.8300872046398091,-0.8698357936874785,-0.8157874073604645,-1.1526809364840054,-1.1151136724450494,0.7031419070404209,-0.8569902130806099,3.0
-0.8300872046398091,-0.8698357936874785,-0.8157874073604645,-1.1526809364840054,-1.1151136724450494,0.7031419070404209,-0.9822952163589339,0.2525771080183615,6.0
-0.8698357936874785,-0.8157874073604645,-1.1526809364840054,-1.1151136724450494,0.7031419070404209,-0.9822952163589339,-0.9907781469483757,0.2525771080183615,5.0
-0.8157874073604645,-1.1526809364840054,-1.1151136724450494,0.7031419070404209,-0.9822952163589339,-0.9907781469483757,-1.089907250122137,0.2525771080183615,4.0
-1.1526809364840054,-1.1151136724450494,0.7031419070404209,-0.9822952163589339,-0.9907781469483757,-1.089907250122137,-0.8569902130806099,0.2525771080183615,3.0
-1.1151136724450494,0.7031419070404209,-0.9822952163589339,-0.9907781469483757,-1.089907250122137,-0.8569902130806099,-1.1892787227413109,0.2525771080183615,2.0
0.7031419070404209,-0.9822952163589339,-0.9907781469483757,-1.089907250122137,-0.8569902130806099,-1.1892787227413109,-1.0222861748520162,0.2525771080183615,1.0
-0.9822952163589339,-0.9907781469483757,-1.089907250122137,-0.8569902130806099,-1.1892787227413109,-1.0222861748520162,-0.9927171025116767,0.2525771080183615,0.0
-0.9907781469483757,-1.089907250122137,-0.8569902130806099,-1.1892787227413109,-1.0222861748520162,-0.9927171025116767,0.2525771080183615,-0.4929513060708556,6.0
-1.089907250122137,-0.8569902130806099,-1.1892787227413109,-1.0222861748520162,-0.9927171025116767,0.2525771080183615,-0.9684801579704148,-0.4929513060708556,5.0
-0.8569902130806099,-1.1892787227413109,-1.0222861748520162,-0.9927171025116767,0.2525771080183615,-0.9684801579704148,-0.6051683592968984,-0.4929513060708556,4.0
-1.1892787227413109,-1.0222861748520162,-0.9927171025116767,0.2525771080183615,-0.9684801579704148,-0.6051683592968984,-0.8443870019191536,-0.4929513060708556,3.0
-1.0222861748520162,-0.9927171025116767,0.2525771080183615,-0.9684801579704148,-0.6051683592968984,-0.8443870019191536,-1.0271335637602685,-0.4929513060708556,2.0
-0.9927171025116767,0.2525771080183615,-0.9684801579704148,-0.6051683592968984,-0.8443870019191536,-1.0271335637602685,-0.9888391913850747,-0.4929513060708556,1.0
0.2525771080183615,-0.9684801579704148,-0.6051683592968984,-0.8443870019191536,-1.0271335637602685,-0.9888391913850747,-0.9805986302410457,0.3332861333407636,6.0
-0.9684801579704148,-0.6051683592968984,-0.8443870019191536,-1.0271335637602685,-0.9888391913850747,-0.9805986302410457,-0.4929513060708556,0.3332861333407636,5.0
-0.6051683592968984,-0.8443870019191536,-1.0271335637602685,-0.9888391913850747,-0.9805986302410457,-0.4929513060708556,-1.0426452082666764,0.3332861333407636,4.0
-0.8443870019191536,-1.0271335637602685,-0.9888391913850747,-0.9805986302410457,-0.4929513060708556,-1.0426452082666764,-0.944727952319978,0.3332861333407636,3.0
-1.0271335637602685,-0.9888391913850747,-0.9805986302410457,-0.4929513060708556,-1.0426452082666764,-0.944727952319978,-1.0991172890478165,0.3332861333407636,2.0
-0.9888391913850747,-0.9805986302410457,-0.4929513060708556,-1.0426452082666764,-0.944727952319978,-1.0991172890478165,-1.1488030253574035,0.3332861333407636,1.0
-0.9805986302410457,-0.4929513060708556,-1.0426452082666764,-0.944727952319978,-1.0991172890478165,-1.1488030253574035,-1.0305267359960453,0.3332861333407636,0.0
-0.4929513060708556,-1.0426452082666764,-0.944727952319978,-1.0991172890478165,-1.1488030253574035,-1.0305267359960453,0.3332861333407636,0.21961486344224532,0.0
-1.0426452082666764,-0.944727952319978,-1.0991172890478165,-1.1488030253574035,-1.0305267359960453,0.3332861333407636,0.21961486344224532,0.033717498810766126,0.0
-0.944727952319978,-1.0991172890478165,-1.1488030253574035,-1.0305267359960453,0.3332861333407636,0.21961486344224532,0.033717498810766126,-0.5159764033850546,3.0
-1.0991172890478165,-1.1488030253574035,-1.0305267359960453,0.3332861333407636,0.21961486344224532,0.033717498810766126,-0.8354193324388867,-0.5159764033850546,2.0
-1.1488030253574035,-1.0305267359960453,0.3332861333407636,0.21961486344224532,0.033717498810766126,-0.8354193324388867,-1.0196201109524774,-0.5159764033850546,1.0
-1.0305267359960453,0.3332861333407636,0.21961486344224532,0.033717498810766126,-0.8354193324388867,-1.0196201109524774,-0.9992610775378173,-0.5159764033850546,0.0
0.3332861333407636,0.21961486344224532,0.033717498810766126,-0.8354193324388867,-1.0196201109524774,-0.9992610775378173,-0.5159764033850546,-0.6798181484839851,6.0
0.21961486344224532,0.033717498810766126,-0.8354193324388867,-1.0196201109524774,-0.9992610775378173,-0.5159764033850546,-0.9881120830488369,-0.5331846340093502,6.0
0.033717498810766126,-0.8354193324388867,-1.0196201109524774,-0.9992610775378173,-0.5159764033850546,-0.9881120830488369,-1.4289821042543915,1.0313101361291075,6.0
-0.8354193324388867,-1.0196201109524774,-0.9992610775378173,-0.5159764033850546,-0.9881120830488369,-1.4289821042543915,-1.3875369290888335,1.0313101361291075,5.0
-1.0196201109524774,-0.9992610775378173,-0.5159764033850546,-0.9881120830488369,-1.4289821042543915,-1.3875369290888335,-1.2360560257059463,1.0313101361291075,4.0
-0.9992610775378173,-0.5159764033850546,-0.9881120830488369,-1.4289821042543915,-1.3875369290888335,-1.2360560257059463,-1.1063883724101953,1.0313101361291075,3.0
-0.5159764033850546,-0.9881120830488369,-1.4289821042543915,-1.3875369290888335,-1.2360560257059463,-1.1063883724101953,-0.9500600801190557,1.0313101361291075,2.0
-0.9881120830488369,-1.4289821042543915,-1.3875369290888335,-1.2360560257059463,-1.1063883724101953,-0.9500600801190557,-0.6798181484839851,1.0313101361291075,1.0
-1.4289821042543915,-1.3875369290888335,-1.2360560257059463,-1.1063883724101953,-0.9500600801190557,-0.6798181484839851,-0.5331846340093502,1.0313101361291075,0.0
-1.3875369290888335,-1.2360560257059463,-1.1063883724101953,-0.9500600801190557,-0.6798181484839851,-0.5331846340093502,1.0313101361291075,0.3449198667205695,6.0
-1.2360560257059463,-1.1063883724101953,-0.9500600801190557,-0.6798181484839851,-0.5331846340093502,1.0313101361291075,-0.7646474543784019,0.3449198667205695,5.0
-1.1063883724101953,-0.9500600801190557,-0.6798181484839851,-0.5331846340093502,1.0313101361291075,-0.7646474543784019,-0.8826813742943475,0.3449198667205695,4.0
-0.9500600801190557,-0.6798181484839851,-0.5331846340093502,1.0313101361291075,-0.7646474543784019,-0.8826813742943475,-0.576084025847384,0.3449198667205695,3.0
-0.6798181484839851,-0.5331846340093502,1.0313101361291075,-0.7646474543784019,-0.8826813742943475,-0.576084025847384,-0.8819542659581097,0.3449198667205695,2.0
-0.5331846340093502,1.0313101361291075,-0.7646474543784019,-0.8826813742943475,-0.576084025847384,-0.8819542659581097,-0.33419931932559005,0.3449198667205695,1.0
1.0313101361291075,-0.7646474543784019,-0.8826813742943475,-0.576084025847384,-0.8819542659581097,-0.33419931932559005,0.27051244697889515,0.3449198667205695,0.0
-0.7646474543784019,-0.8826813742943475,-0.576084025847384,-0.8819542659581097,-0.33419931932559005,0.27051244697889515,0.3449198667205695,0.534210403587825,6.0
-0.8826813742943475,-0.576084025847384,-0.8819542659581097,-0.33419931932559005,0.27051244697889515,0.3449198667205695,-0.6003209703886457,0.534210403587825,5.0
-0.576084025847384,-0.8819542659581097,-0.33419931932559005,0.27051244697889515,0.3449198667205695,-0.6003209703886457,0.018205854304358407,0.534210403587825,4.0
-0.8819542659581097,-0.33419931932559005,0.27051244697889515,0.3449198667205695,-0.6003209703886457,0.018205854304358407,-0.650491445589058,0.534210403587825,3.0
-0.33419931932559005,0.27051244697889515,0.3449198667205695,-0.6003209703886457,0.018205854304358407,-0.650491445589058,-0.8858321770847115,0.534210403587825,2.0
0.27051244697889515,0.3449198667205695,-0.6003209703886457,0.018205854304358407,-0.650491445589058,-0.8858321770847115,-0.7627084988151009,0.534210403587825,1.0
0.3449198667205695,-0.6003209703886457,0.018205854304358407,-0.650491445589058,-0.8858321770847115,-0.7627084988151009,-0.6325561066285244,0.534210403587825,0.0
-0.6003209703886457,0.018205854304358407,-0.650491445589058,-0.8858321770847115,-0.7627084988151009,-0.6325561066285244,0.534210403587825,-0.30196418308571144,5.0
0.018205854304358407,-0.650491445589058,-0.8858321770847115,-0.7627084988151009,-0.6325561066285244,0.534210403587825,-0.6630946567505143,0.9573874552782587,6.0
-0.650491445589058,-0.8858321770847115,-0.7627084988151009,-0.6325561066285244,0.534210403587825,-0.6630946567505143,-0.5692976813758307,0.9573874552782587,5.0
-0.8858321770847115,-0.7627084988151009,-0.6325561066285244,0.534210403587825,-0.6630946567505143,-0.5692976813758307,-0.7714337988499552,0.9573874552782587,4.0
-0.7627084988151009,-0.6325561066285244,0.534210403587825,-0.6630946567505143,-0.5692976813758307,-0.7714337988499552,-0.4432655697612686,0.9573874552782587,3.0
-0.6325561066285244,0.534210403587825,-0.6630946567505143,-0.5692976813758307,-0.7714337988499552,-0.4432655697612686,-0.3562549388581383,0.9573874552782587,2.0
0.534210403587825,-0.6630946567505143,-0.5692976813758307,-0.7714337988499552,-0.4432655697612686,-0.3562549388581383,-0.30196418308571144,0.9573874552782587,1.0
-0.6630946567505143,-0.5692976813758307,-0.7714337988499552,-0.4432655697612686,-0.3562549388581383,-0.30196418308571144,-0.3661920861200558,1.9881847066181286,6.0
-0.5692976813758307,-0.7714337988499552,-0.4432655697612686,-0.3562549388581383,-0.30196418308571144,-0.3661920861200558,0.9573874552782587,1.9881847066181286,5.0
-0.7714337988499552,-0.4432655697612686,-0.3562549388581383,-0.30196418308571144,-0.3661920861200558,0.9573874552782587,-0.4481129586695211,1.9881847066181286,4.0
-0.4432655697612686,-0.3562549388581383,-0.30196418308571144,-0.3661920861200558,0.9573874552782587,-0.4481129586695211,-0.3780681889452741,1.9881847066181286,3.0
-0.3562549388581383,-0.30196418308571144,-0.3661920861200558,0.9573874552782587,-0.4481129586695211,-0.3780681889452741,-0.5605723813409763,1.9881847066181286,2.0
-0.30196418308571144,-0.3661920861200558,0.9573874552782587,-0.4481129586695211,-0.3780681889452741,-0.5605723813409763,-0.4631398642851033,1.9881847066181286,1.0
-0.3661920861200558,0.9573874552782587,-0.4481129586695211,-0.3780681889452741,-0.5605723813409763,-0.4631398642851033,-0.3613446972118033,1.9881847066181286,0.0
0.9573874552782587,-0.4481129586695211,-0.3780681889452741,-0.5605723813409763,-0.4631398642851033,-0.3613446972118033,1.9881847066181286,1.7130953860748055,6.0
-0.4481129586695211,-0.3780681889452741,-0.5605723813409763,-0.4631398642851033,-0.3613446972118033,1.9881847066181286,0.8834647744274096,1.7130953860748055,5.0
-0.3780681889452741,-0.5605723813409763,-0.4631398642851033,-0.3613446972118033,1.9881847066181286,0.8834647744274096,0.2918409581752058,1.7130953860748055,4.0
-0.5605723813409763,-0.4631398642851033,-0.3613446972118033,1.9881847066181286,0.8834647744274096,0.2918409581752058,0.014570312623169338,1.7130953860748055,3.0
-0.4631398642851033,-0.3613446972118033,1.9881847066181286,0.8834647744274096,0.2918409581752058,0.014570312623169338,0.24215522186561875,1.7130953860748055,2.0
-0.3613446972118033,1.9881847066181286,0.8834647744274096,0.2918409581752058,0.014570312623169338,0.24215522186561875,0.9329081412915838,1.7130953860748055,1.0
1.9881847066181286,0.8834647744274096,0.2918409581752058,0.014570312623169338,0.24215522186561875,0.9329081412915838,0.9038238078420695,1.7130953860748055,0.0
0.8834647744274096,0.2918409581752058,0.014570312623169338,0.24215522186561875,0.9329081412915838,0.9038238078420695,1.7130953860748055,0.6876302625340132,0.0
0.2918409581752058,0.014570312623169338,0.24215522186561875,0.9329081412915838,0.9038238078420695,1.7130953860748055,0.6876302625340132,0.4169035920081172,3.0
0.014570312623169338,0.24215522186561875,0.9329081412915838,0.9038238078420695,1.7130953860748055,0.6876302625340132,0.22349277456884714,0.4169035920081172,2.0
0.24215522186561875,0.9329081412915838,0.9038238078420695,1.7130953860748055,0.6876302625340132,0.22349277456884714,0.05940866002450382,1.3718392069338377,6.0
0.9329081412915838,0.9038238078420695,1.7130953860748055,0.6876302625340132,0.22349277456884714,0.05940866002450382,0.032505651583702985,1.3718392069338377,5.0
0.9038238078420695,1.7130953860748055,0.6876302625340132,0.22349277456884714,0.05940866002450382,0.032505651583702985,0.4169035920081172,1.3718392069338377,4.0
1.7130953860748055,0.6876302625340132,0.22349277456884714,0.05940866002450382,0.032505651583702985,0.4169035920081172,0.3698839195980692,1.5053847713561903,6.0
0.6876302625340132,0.22349277456884714,0.05940866002450382,0.032505651583702985,0.4169035920081172,0.3698839195980692,-0.17302363812619817,1.5053847713561903,5.0
0.22349277456884714,0.05940866002450382,0.032505651583702985,0.4169035920081172,0.3698839195980692,-0.17302363812619817,-0.4774396615644479,1.5053847713561903,4.0
0.05940866002450382,0.032505651583702985,0.4169035920081172,0.3698839195980692,-0.17302363812619817,-0.4774396615644479,-0.5157340339396418,1.5053847713561903,3.0
0.032505651583702985,0.4169035920081172,0.3698839195980692,-0.17302363812619817,-0.4774396615644479,-0.5157340339396418,1.3718392069338377,1.5053847713561903,2.0
0.4169035920081172,0.3698839195980692,-0.17302363812619817,-0.4774396615644479,-0.5157340339396418,1.3718392069338377,0.356553600100375,1.5053847713561903,1.0
0.3698839195980692,-0.17302363812619817,-0.4774396615644479,-0.5157340339396418,1.3718392069338377,0.356553600100375,-0.051838915419888575,1.5053847713561903,0.0
-0.17302363812619817,-0.4774396615644479,-0.5157340339396418,1.3718392069338377,0.356553600100375,-0.051838915419888575,1.5053847713561903,0.17477651604091046,5.0
-0.4774396615644479,-0.5157340339396418,1.3718392069338377,0.356553600100375,-0.051838915419888575,1.5053847713561903,-0.17399311590784855,1.1440119282459755,6.0
-0.5157340339396418,1.3718392069338377,0.356553600100375,-0.051838915419888575,1.5053847713561903,-0.17399311590784855,0.08267612678411522,1.1440119282459755,5.0
1.3718392069338377,0.356553600100375,-0.051838915419888575,1.5053847713561903,-0.17399311590784855,0.08267612678411522,0.10061146574464923,1.1440119282459755,4.0
0.356553600100375,-0.051838915419888575,1.5053847713561903,-0.17399311590784855,0.08267612678411522,0.10061146574464923,-0.031479882005228284,1.1440119282459755,3.0
-0.051838915419888575,1.5053847713561903,-0.17399311590784855,0.08267612678411522,0.10061146574464923,-0.031479882005228284,-0.2517937078852992,1.1440119282459755,2.0
1.5053847713561903,-0.17399311590784855,0.08267612678411522,0.10061146574464923,-0.031479882005228284,-0.2517937078852992,0.17477651604091046,1.1440119282459755,1.0
-0.17399311590784855,0.08267612678411522,0.10061146574464923,-0.031479882005228284,-0.2517937078852992,0.17477651604091046,-0.02251221252496146,1.1440119282459755,0.0
0.08267612678411522,0.10061146574464923,-0.031479882005228284,-0.2517937078852992,0.17477651604091046,-0.02251221252496146,1.1440119282459755,1.6682570386734712,6.0
0.10061146574464923,-0.031479882005228284,-0.2517937078852992,0.17477651604091046,-0.02251221252496146,1.1440119282459755,0.017963484858945993,1.6682570386734712,5.0
-0.031479882005228284,-0.2517937078852992,0.17477651604091046,-0.02251221252496146,1.1440119282459755,0.017963484858945993,0.021356657094722648,1.6682570386734712,4.0
-0.2517937078852992,0.17477651604091046,-0.02251221252496146,1.1440119282459755,0.017963484858945993,0.021356657094722648,0.10400463798042589,1.6682570386734712,3.0
0.17477651604091046,-0.02251221252496146,1.1440119282459755,0.017963484858945993,0.021356657094722648,0.10400463798042589,0.4309610198420494,1.6682570386734712,2.0
-0.02251221252496146,1.1440119282459755,0.017963484858945993,0.021356657094722648,0.10400463798042589,0.4309610198420494,0.5880164204694266,1.6682570386734712,1.0
1.1440119282459755,0.017963484858945993,0.021356657094722648,0.10400463798042589,0.4309610198420494,0.5880164204694266,0.4857365145053011,1.6682570386734712,0.0
0.017963484858945993,0.021356657094722648,0.10400463798042589,0.4309610198420494,0.5880164204694266,0.4857365145053011,1.6682570386734712,0.8134200047031626,1.0
0.021356657094722648,0.10400463798042589,0.4309610198420494,0.5880164204694266,0.4857365145053011,1.6682570386734712,0.7104129904027994,0.8134200047031626,0.0
0.10400463798042589,0.4309610198420494,0.5880164204694266,0.4857365145053011,1.6682570386734712,0.7104129904027994,0.8134200047031626,0.45859113661908785,4.0
0.4309610198420494,0.5880164204694266,0.4857365145053011,1.6682570386734712,0.7104129904027994,0.8134200047031626,0.212828518970692,0.7324686099353477,6.0
0.5880164204694266,0.4857365145053011,1.6682570386734712,0.7104129904027994,0.8134200047031626,0.212828518970692,-0.2076824688202027,0.7324686099353477,5.0
0.4857365145053011,1.6682570386734712,0.7104129904027994,0.8134200047031626,0.212828518970692,-0.2076824688202027,-0.17835576592527555,0.7324686099353477,4.0
1.6682570386734712,0.7104129904027994,0.8134200047031626,0.212828518970692,-0.2076824688202027,-0.17835576592527555,0.20337611059959962,0.8938866605801523,6.0
0.7104129904027994,0.8134200047031626,0.212828518970692,-0.2076824688202027,-0.17835576592527555,0.20337611059959962,0.45859113661908785,0.8938866605801523,5.0
0.8134200047031626,0.212828518970692,-0.2076824688202027,-0.17835576592527555,0.20337611059959962,0.45859113661908785,0.21210141063445404,0.8938866605801523,4.0
0.212828518970692,-0.2076824688202027,-0.17835576592527555,0.20337611059959962,0.45859113661908785,0.21210141063445404,0.2843275053674145,0.8938866605801523,3.0
-0.2076824688202027,-0.17835576592527555,0.20337611059959962,0.45859113661908785,0.21210141063445404,0.2843275053674145,0.7324686099353477,1.1815791922849315,6.0
-0.17835576592527555,0.20337611059959962,0.45859113661908785,0.21210141063445404,0.2843275053674145,0.7324686099353477,0.7225314626734305,1.3609325818902693,6.0
0.20337611059959962,0.45859113661908785,0.21210141063445404,0.2843275053674145,0.7324686099353477,0.7225314626734305,0.5305748619066359,1.3609325818902693,5.0
0.45859113661908785,0.21210141063445404,0.2843275053674145,0.7324686099353477,0.7225314626734305,0.5305748619066359,0.8938866605801523,2.2438844715284416,6.0
0.21210141063445404,0.2843275053674145,0.7324686099353477,0.7225314626734305,0.5305748619066359,0.8938866605801523,0.6299463345258096,2.2438844715284416,5.0
0.2843275053674145,0.7324686099353477,0.7225314626734305,0.5305748619066359,0.8938866605801523,0.6299463345258096,0.5065802868107866,2.2438844715284416,4.0
0.7324686099353477,0.7225314626734305,0.5305748619066359,0.8938866605801523,0.6299463345258096,0.5065802868107866,0.5792911204345722,2.2438844715284416,3.0
0.7225314626734305,0.5305748619066359,0.8938866605801523,0.6299463345258096,0.5065802868107866,0.5792911204345722,1.1815791922849315,2.2438844715284416,2.0
0.5305748619066359,0.8938866605801523,0.6299463345258096,0.5065802868107866,0.5792911204345722,1.1815791922849315,1.3609325818902693,2.2438844715284416,1.0
0.8938866605801523,0.6299463345258096,0.5065802868107866,0.5792911204345722,1.1815791922849315,1.3609325818902693,0.708716404284911,2.2438844715284416,0.0
0.6299463345258096,0.5065802868107866,0.5792911204345722,1.1815791922849315,1.3609325818902693,0.708716404284911,2.2438844715284416,1.1003854280717038,2.0
0.5065802868107866,0.5792911204345722,1.1815791922849315,1.3609325818902693,0.708716404284911,2.2438844715284416,0.42102387258013185,1.910141745195265,6.0
0.5792911204345722,1.1815791922849315,1.3609325818902693,0.708716404284911,2.2438844715284416,0.42102387258013185,0.6243718372813195,1.910141745195265,5.0
1.1815791922849315,1.3609325818902693,0.708716404284911,2.2438844715284416,0.42102387258013185,0.6243718372813195,1.1003854280717038,1.910141745195265,4.0
1.3609325818902693,0.708716404284911,2.2438844715284416,0.42102387258013185,0.6243718372813195,1.1003854280717038,0.659030667975324,1.910141745195265,3.0
0.708716404284911,2.2438844715284416,0.42102387258013185,0.6243718372813195,1.1003854280717038,0.659030667975324,0.5068226562561989,1.910141745195265,2.0
2.2438844715284416,0.42102387258013185,0.6243718372813195,1.1003854280717038,0.659030667975324,0.5068226562561989,0.7923338629522646,1.910141745195265,1.0
0.42102387258013185,0.6243718372813195,1.1003854280717038,0.659030667975324,0.5068226562561989,0.7923338629522646,0.7986354685329928,1.910141745195265,0.0
0.6243718372813195,1.1003854280717038,0.659030667975324,0.5068226562561989,0.7923338629522646,0.7986354685329928,1.910141745195265,1.701946391585825,6.0
1.1003854280717038,0.659030667975324,0.5068226562561989,0.7923338629522646,0.7986354685329928,1.910141745195265,0.7722171989830171,1.701946391585825,5.0
0.659030667975324,0.5068226562561989,0.7923338629522646,0.7986354685329928,1.910141745195265,0.7722171989830171,0.4484116199117579,1.701946391585825,4.0
0.5068226562561989,0.7923338629522646,0.7986354685329928,1.910141745195265,0.7722171989830171,0.4484116199117579,0.6902963264335519,1.701946391585825,3.0
0.7923338629522646,0.7986354685329928,1.910141745195265,0.7722171989830171,0.4484116199117579,0.6902963264335519,0.6844794597436489,1.701946391585825,2.0
0.7986354685329928,1.910141745195265,0.7722171989830171,0.4484116199117579,0.6902963264335519,0.6844794597436489,0.35122147230129763,1.701946391585825,1.0
1.910141745195265,0.7722171989830171,0.4484116199117579,0.6902963264335519,0.6844794597436489,0.35122147230129763,0.11854680470518288,1.701946391585825,0.0
0.7722171989830171,0.4484116199117579,0.6902963264335519,0.6844794597436489,0.35122147230129763,0.11854680470518288,1.701946391585825,1.2928267677293235,6.0
0.4484116199117579,0.6902963264335519,0.6844794597436489,0.35122147230129763,0.11854680470518288,1.701946391585825,0.8759513216196183,1.2928267677293235,5.0
0.6902963264335519,0.6844794597436489,0.35122147230129763,0.11854680470518288,1.701946391585825,0.8759513216196183,1.0073155610332583,1.2928267677293235,4.0
0.6844794597436489,0.35122147230129763,0.11854680470518288,1.701946391585825,0.8759513216196183,1.0073155610332583,0.7060503403853724,1.2928267677293235,3.0
0.35122147230129763,0.11854680470518288,1.701946391585825,0.8759513216196183,1.0073155610332583,0.7060503403853724,0.20967771618032774,1.2928267677293235,2.0
0.11854680470518288,1.701946391585825,0.8759513216196183,1.0073155610332583,0.7060503403853724,0.20967771618032774,0.023053243212610975,1.2928267677293235,1.0
1.701946391585825,0.8759513216196183,1.0073155610332583,0.7060503403853724,0.20967771618032774,0.023053243212610975,-0.2549445106756634,1.2928267677293235,0.0
0.8759513216196183,1.0073155610332583,0.7060503403853724,0.20967771618032774,0.023053243212610975,-0.2549445106756634,1.2928267677293235,1.0519115389891796,6.0
1.0073155610332583,0.7060503403853724,0.20967771618032774,0.023053243212610975,-0.2549445106756634,1.2928267677293235,0.27923774701374954,1.0519115389891796,5.0
0.7060503403853724,0.20967771618032774,0.023053243212610975,-0.2549445106756634,1.2928267677293235,0.27923774701374954,0.5853503565698875,1.0519115389891796,4.0
0.20967771618032774,0.023053243212610975,-0.2549445106756634,1.2928267677293235,0.27923774701374954,0.5853503565698875,0.3730347223884331,1.0519115389891796,3.0
0.023053243212610975,-0.2549445106756634,1.2928267677293235,0.27923774701374954,0.5853503565698875,0.3730347223884331,0.4757993672433839,1.0519115389891796,2.0
-0.2549445106756634,1.2928267677293235,0.27923774701374954,0.5853503565698875,0.3730347223884331,0.4757993672433839,0.3289234833233366,1.0519115389891796,1.0
1.2928267677293235,0.27923774701374954,0.5853503565698875,0.3730347223884331,0.4757993672433839,0.3289234833233366,0.20289137170877444,1.0519115389891796,0.0
0.27923774701374954,0.5853503565698875,0.3730347223884331,0.4757993672433839,0.3289234833233366,0.20289137170877444,1.0519115389891796,0.936786052418186,6.0
0.5853503565698875,0.3730347223884331,0.4757993672433839,0.3289234833233366,0.20289137170877444,1.0519115389891796,0.658303559639086,0.936786052418186,5.0
0.3730347223884331,0.4757993672433839,0.3289234833233366,0.20289137170877444,1.0519115389891796,0.658303559639086,0.4852517756144759,0.936786052418186,4.0
0.4757993672433839,0.3289234833233366,0.20289137170877444,1.0519115389891796,0.658303559639086,0.4852517756144759,-0.3860663806438906,0.936786052418186,3.0
0.3289234833233366,0.20289137170877444,1.0519115389891796,0.658303559639086,0.4852517756144759,-0.3860663806438906,-0.366676825010881,0.936786052418186,2.0
0.20289137170877444,1.0519115389891796,0.658303559639086,0.4852517756144759,-0.3860663806438906,-0.366676825010881,-0.4287234030365116,0.936786052418186,1.0
1.0519115389891796,0.658303559639086,0.4852517756144759,-0.3860663806438906,-0.366676825010881,-0.4287234030365116,-0.4953750005249819,0.936786052418186,0.0
0.658303559639086,0.4852517756144759,-0.3860663806438906,-0.366676825010881,-0.4287234030365116,-0.4953750005249819,0.936786052418186,1.1641285922152227,6.0
0.4852517756144759,-0.3860663806438906,-0.366676825010881,-0.4287234030365116,-0.4953750005249819,0.936786052418186,0.05116809888047495,1.1641285922152227,5.0
-0.3860663806438906,-0.366676825010881,-0.4287234030365116,-0.4953750005249819,0.936786052418186,0.05116809888047495,-0.2515513384398868,1.1641285922152227,4.0
-0.366676825010881,-0.4287234030365116,-0.4953750005249819,0.936786052418186,0.05116809888047495,-0.2515513384398868,-0.10394834618360155,1.1641285922152227,3.0
-0.4287234030365116,-0.4953750005249819,0.936786052418186,0.05116809888047495,-0.2515513384398868,-0.10394834618360155,-0.4124846501938659,1.1641285922152227,2.0
-0.4953750005249819,0.936786052418186,0.05116809888047495,-0.2515513384398868,-0.10394834618360155,-0.4124846501938659,0.297415455419696,1.4874494323956566,6.0
0.936786052418186,0.05116809888047495,-0.2515513384398868,-0.10394834618360155,-0.4124846501938659,0.297415455419696,0.42247808925260777,1.4874494323956566,5.0
0.05116809888047495,-0.2515513384398868,-0.10394834618360155,-0.4124846501938659,0.297415455419696,0.42247808925260777,1.1641285922152227,1.4874494323956566,4.0
-0.2515513384398868,-0.10394834618360155,-0.4124846501938659,0.297415455419696,0.42247808925260777,1.1641285922152227,-0.12939713795192648,1.7334544194894654,6.0
-0.10394834618360155,-0.4124846501938659,0.297415455419696,0.42247808925260777,1.1641285922152227,-0.12939713795192648,-0.2488852745403481,1.7334544194894654,5.0
-0.4124846501938659,0.297415455419696,0.42247808925260777,1.1641285922152227,-0.12939713795192648,-0.2488852745403481,-0.01669534583505852,1.7334544194894654,4.0
0.297415455419696,0.42247808925260777,1.1641285922152227,-0.12939713795192648,-0.2488852745403481,-0.01669534583505852,1.116139442023524,1.7334544194894654,3.0
0.42247808925260777,1.1641285922152227,-0.12939713795192648,-0.2488852745403481,-0.01669534583505852,1.116139442023524,1.4874494323956566,1.7334544194894654,2.0
1.1641285922152227,-0.12939713795192648,-0.2488852745403481,-0.01669534583505852,1.116139442023524,1.4874494323956566,0.6553951262941345,1.7334544194894654,1.0
-0.12939713795192648,-0.2488852745403481,-0.01669534583505852,1.116139442023524,1.4874494323956566,0.6553951262941345,0.19465081056474556,1.7334544194894654,0.0
-0.2488852745403481,-0.01669534583505852,1.116139442023524,1.4874494323956566,0.6553951262941345,0.19465081056474556,1.7334544194894654,1.6248729079446116,5.0
-0.01669534583505852,1.116139442023524,1.4874494323956566,0.6553951262941345,0.19465081056474556,1.7334544194894654,1.1924858173284991,1.6248729079446116,4.0
1.116139442023524,1.4874494323956566,0.6553951262941345,0.19465081056474556,1.7334544194894654,1.1924858173284991,1.0359151555919472,1.6248729079446116,3.0
1.4874494323956566,0.6553951262941345,0.19465081056474556,1.7334544194894654,1.1924858173284991,1.0359151555919472,0.2525771080183615,1.6248729079446116,2.0
0.6553951262941345,0.19465081056474556,1.7334544194894654,1.1924858173284991,1.0359151555919472,0.2525771080183615,0.21646406065188106,1.6248729079446116,1.0
0.19465081056474556,1.7334544194894654,1.1924858173284991,1.0359151555919472,0.2525771080183615,0.21646406065188106,0.20749639117161423,1.6248729079446116,0.0
1.7334544194894654,1.1924858173284991,1.0359151555919472,0.2525771080183615,0.21646406065188106,0.20749639117161423,1.6248729079446116,0.48646362284153905,0.0
1.1924858173284991,1.0359151555919472,0.2525771080183615,0.21646406065188106,0.20749639117161423,1.6248729079446116,0.48646362284153905,0.2460331329922206,0.0
1.0359151555919472,0.2525771080183615,0.21646406065188106,0.20749639117161423,1.6248729079446116,0.48646362284153905,0.2460331329922206,-0.16066279641015432,0.0
0.2525771080183615,0.21646406065188106,0.20749639117161423,1.6248729079446116,0.48646362284153905,0.2460331329922206,-0.16066279641015432,-0.21083327161056656,1.0
0.21646406065188106,0.20749639117161423,1.6248729079446116,0.48646362284153905,0.2460331329922206,-0.16066279641015432,-0.29663205528663406,-0.21083327161056656,0.0
0.20749639117161423,1.6248729079446116,0.48646362284153905,0.2460331329922206,-0.16066279641015432,-0.29663205528663406,-0.21083327161056656,-0.2464615800862218,0.0
1.6248729079446116,0.48646362284153905,0.2460331329922206,-0.16066279641015432,-0.29663205528663406,-0.21083327161056656,-0.2464615800862218,-0.2963896858412213,3.0
0.48646362284153905,0.2460331329922206,-0.16066279641015432,-0.29663205528663406,-0.21083327161056656,-0.2464615800862218,-0.3603752194301529,0.796696512969692,6.0
0.2460331329922206,-0.16066279641015432,-0.29663205528663406,-0.21083327161056656,-0.2464615800862218,-0.3603752194301529,-0.45683825870437517,0.796696512969692,5.0
-0.16066279641015432,-0.29663205528663406,-0.21083327161056656,-0.2464615800862218,-0.3603752194301529,-0.45683825870437517,-0.35601256941272585,0.796696512969692,4.0
-0.29663205528663406,-0.21083327161056656,-0.2464615800862218,-0.3603752194301529,-0.45683825870437517,-0.35601256941272585,-0.2963896858412213,0.796696512969692,3.0
-0.21083327161056656,-0.2464615800862218,-0.3603752194301529,-0.45683825870437517,-0.35601256941272585,-0.2963896858412213,-0.5840822175460004,0.796696512969692,2.0
-0.2464615800862218,-0.3603752194301529,-0.45683825870437517,-0.35601256941272585,-0.2963896858412213,-0.5840822175460004,-0.5043426700052487,0.796696512969692,1.0
-0.3603752194301529,-0.45683825870437517,-0.35601256941272585,-0.2963896858412213,-0.5840822175460004,-0.5043426700052487,-0.7278072986756837,0.796696512969692,0.0
-0.45683825870437517,-0.35601256941272585,-0.2963896858412213,-0.5840822175460004,-0.5043426700052487,-0.7278072986756837,0.796696512969692,-0.12988187684275201,2.0
-0.35601256941272585,-0.2963896858412213,-0.5840822175460004,-0.5043426700052487,-0.7278072986756837,0.796696512969692,-0.36085995832097806,-0.12988187684275201,1.0
-0.2963896858412213,-0.5840822175460004,-0.5043426700052487,-0.7278072986756837,0.796696512969692,-0.36085995832097806,-0.2588224218022653,-0.12988187684275201,0.0
-0.5840822175460004,-0.5043426700052487,-0.7278072986756837,0.796696512969692,-0.36085995832097806,-0.2588224218022653,-0.12988187684275201,-0.5683282035941803,0.0
-0.5043426700052487,-0.7278072986756837,0.796696512969692,-0.36085995832097806,-0.2588224218022653,-0.12988187684275201,-0.5683282035941803,-0.6783639318115092,3.0
-0.7278072986756837,0.796696512969692,-0.36085995832097806,-0.2588224218022653,-0.12988187684275201,-0.5683282035941803,-0.7673135182779408,-0.6783639318115092,2.0
0.796696512969692,-0.36085995832097806,-0.2588224218022653,-0.12988187684275201,-0.5683282035941803,-0.7673135182779408,-0.8373582880021876,-0.6783639318115092,1.0
-0.36085995832097806,-0.2588224218022653,-0.12988187684275201,-0.5683282035941803,-0.7673135182779408,-0.8373582880021876,-0.8717747492507795,-0.6783639318115092,0.0
-0.2588224218022653,-0.12988187684275201,-0.5683282035941803,-0.7673135182779408,-0.8373582880021876,-0.8717747492507795,-0.6783639318115092,-0.988596821939662,0.0
-0.12988187684275201,-0.5683282035941803,-0.7673135182779408,-0.8373582880021876,-0.8717747492507795,-0.6783639318115092,-0.988596821939662,-0.8758950298227941,6.0
-0.5683282035941803,-0.7673135182779408,-0.8373582880021876,-0.8717747492507795,-0.6783639318115092,-0.988596821939662,-1.105176525183132,-0.828875357412746,6.0
-0.7673135182779408,-0.8373582880021876,-0.8717747492507795,-0.6783639318115092,-0.988596821939662,-1.105176525183132,-1.1875821366234225,-0.828875357412746,5.0
-0.8373582880021876,-0.8717747492507795,-0.6783639318115092,-0.988596821939662,-1.105176525183132,-1.1875821366234225,-1.0470078582841034,-0.5947464731441556,6.0
-0.8717747492507795,-0.6783639318115092,-0.988596821939662,-1.105176525183132,-1.1875821366234225,-1.0470078582841034,-1.0402215138125501,-0.5455454757253941,6.0
-0.6783639318115092,-0.988596821939662,-1.105176525183132,-1.1875821366234225,-1.0470078582841034,-1.0402215138125501,-1.125535558597792,-0.5455454757253941,5.0
-0.988596821939662,-1.105176525183132,-1.1875821366234225,-1.0470078582841034,-1.0402215138125501,-1.125535558597792,-1.0121066581446863,1.0031952804612432,6.0
-1.105176525183132,-1.1875821366234225,-1.0470078582841034,-1.0402215138125501,-1.125535558597792,-1.0121066581446863,-0.8758950298227941,1.0031952804612432,5.0
-1.1875821366234225,-1.0470078582841034,-1.0402215138125501,-1.125535558597792,-1.0121066581446863,-0.8758950298227941,-0.828875357412746,1.0031952804612432,4.0
-1.0470078582841034,-1.0402215138125501,-1.125535558597792,-1.0121066581446863,-0.8758950298227941,-0.828875357412746,-1.0668821528079382,1.0031952804612432,3.0
-1.0402215138125501,-1.125535558597792,-1.0121066581446863,-0.8758950298227941,-0.828875357412746,-1.0668821528079382,-0.5947464731441556,1.0031952804612432,2.0
-1.125535558597792,-1.0121066581446863,-0.8758950298227941,-0.828875357412746,-1.0668821528079382,-0.5947464731441556,-0.5455454757253941,1.0031952804612432,1.0
-1.0121066581446863,-0.8758950298227941,-0.828875357412746,-1.0668821528079382,-0.5947464731441556,-0.5455454757253941,-0.8693510547966534,1.0031952804612432,0.0
-0.8758950298227941,-0.828875357412746,-1.0668821528079382,-0.5947464731441556,-0.5455454757253941,-0.8693510547966534,1.0031952804612432,0.1578106548620272,5.0
-0.828875357412746,-1.0668821528079382,-0.5947464731441556,-0.5455454757253941,-0.8693510547966534,1.0031952804612432,-0.5554826229873113,0.1578106548620272,4.0
-1.0668821528079382,-0.5947464731441556,-0.5455454757253941,-0.8693510547966534,1.0031952804612432,-0.5554826229873113,-0.6386153427638397,0.1578106548620272,3.0
-0.5947464731441556,-0.5455454757253941,-0.8693510547966534,1.0031952804612432,-0.5554826229873113,-0.6386153427638397,-1.0365859721313608,0.1578106548620272,2.0
-0.5455454757253941,-0.8693510547966534,1.0031952804612432,-0.5554826229873113,-0.6386153427638397,-1.0365859721313608,-0.8761373992682067,0.1578106548620272,1.0
-0.8693510547966534,1.0031952804612432,-0.5554826229873113,-0.6386153427638397,-1.0365859721313608,-0.8761373992682067,-0.7607695432518,0.1578106548620272,0.0
1.0031952804612432,-0.5554826229873113,-0.6386153427638397,-1.0365859721313608,-0.8761373992682067,-0.7607695432518,0.1578106548620272,0.21064719396197812,6.0
-0.5554826229873113,-0.6386153427638397,-1.0365859721313608,-0.8761373992682067,-0.7607695432518,0.1578106548620272,-0.3627989138842792,0.21064719396197812,5.0
-0.6386153427638397,-1.0365859721313608,-0.8761373992682067,-0.7607695432518,0.1578106548620272,-0.3627989138842792,-0.16138990474639228,0.21064719396197812,4.0
-1.0365859721313608,-0.8761373992682067,-0.7607695432518,0.1578106548620272,-0.3627989138842792,-0.16138990474639228,-0.07340979606161166,0.21064719396197812,3.0
-0.8761373992682067,-0.7607695432518,0.1578106548620272,-0.3627989138842792,-0.16138990474639228,-0.07340979606161166,-0.6560659428335486,0.21064719396197812,2.0
-0.7607695432518,0.1578106548620272,-0.3627989138842792,-0.16138990474639228,-0.07340979606161166,-0.6560659428335486,-0.5673587258125296,0.21064719396197812,1.0
0.1578106548620272,-0.3627989138842792,-0.16138990474639228,-0.07340979606161166,-0.6560659428335486,-0.5673587258125296,-0.792035201710028,0.21064719396197812,0.0
-0.3627989138842792,-0.16138990474639228,-0.07340979606161166,-0.6560659428335486,-0.5673587258125296,-0.792035201710028,0.21064719396197812,0.19295422444685725,6.0
-0.16138990474639228,-0.07340979606161166,-0.6560659428335486,-0.5673587258125296,-0.792035201710028,0.21064719396197812,-0.5637231841313405,0.19295422444685725,5.0
-0.07340979606161166,-0.6560659428335486,-0.5673587258125296,-0.792035201710028,0.21064719396197812,-0.5637231841313405,-0.6652759817592278,0.19295422444685725,4.0
-0.6560659428335486,-0.5673587258125296,-0.792035201710028,0.21064719396197812,-0.5637231841313405,-0.6652759817592278,-0.4595043226039142,0.19295422444685725,3.0
-0.5673587258125296,-0.792035201710028,0.21064719396197812,-0.5637231841313405,-0.6652759817592278,-0.4595043226039142,-0.6536422483794223,0.19295422444685725,2.0
-0.792035201710028,0.21064719396197812,-0.5637231841313405,-0.6652759817592278,-0.4595043226039142,-0.6536422483794223,-0.5011918672148848,0.19295422444685725,1.0
0.21064719396197812,-0.5637231841313405,-0.6652759817592278,-0.4595043226039142,-0.6536422483794223,-0.5011918672148848,-0.7770082960944455,0.19295422444685725,0.0
-0.5637231841313405,-0.6652759817592278,-0.4595043226039142,-0.6536422483794223,-0.5011918672148848,-0.7770082960944455,0.19295422444685725,-0.5278525062102729,5.0
-0.6652759817592278,-0.4595043226039142,-0.6536422483794223,-0.5011918672148848,-0.7770082960944455,0.19295422444685725,-0.8378430268930129,0.6653322735560521,6.0
-0.4595043226039142,-0.6536422483794223,-0.5011918672148848,-0.7770082960944455,0.19295422444685725,-0.8378430268930129,-1.0869988167771856,0.6653322735560521,5.0
-0.6536422483794223,-0.5011918672148848,-0.7770082960944455,0.19295422444685725,-0.8378430268930129,-1.0869988167771856,-1.1706162754445393,0.6653322735560521,4.0
-0.5011918672148848,-0.7770082960944455,0.19295422444685725,-0.8378430268930129,-1.0869988167771856,-1.1706162754445393,-1.0043508358914823,0.6653322735560521,3.0
-0.7770082960944455,0.19295422444685725,-0.8378430268930129,-1.0869988167771856,-1.1706162754445393,-1.0043508358914823,-0.9585430107084973,0.6653322735560521,2.0
0.19295422444685725,-0.8378430268930129,-1.0869988167771856,-1.1706162754445393,-1.0043508358914823,-0.9585430107084973,-0.5278525062102729,0.6653322735560521,1.0
-0.8378430268930129,-1.0869988167771856,-1.1706162754445393,-1.0043508358914823,-0.9585430107084973,-0.5278525062102729,-0.9168554660975268,0.6653322735560521,0.0
-1.0869988167771856,-1.1706162754445393,-1.0043508358914823,-0.9585430107084973,-0.5278525062102729,-0.9168554660975268,0.6653322735560521,0.5606286731378006,6.0
-1.1706162754445393,-1.0043508358914823,-0.9585430107084973,-0.5278525062102729,-0.9168554660975268,0.6653322735560521,-0.8921337826654396,0.5606286731378006,5.0
-1.0043508358914823,-0.9585430107084973,-0.5278525062102729,-0.9168554660975268,0.6653322735560521,-0.8921337826654396,-0.6097733787597381,0.5606286731378006,4.0
-0.9585430107084973,-0.5278525062102729,-0.9168554660975268,0.6653322735560521,-0.8921337826654396,-0.6097733787597381,-0.5300338312189864,0.5606286731378006,3.0
-0.5278525062102729,-0.9168554660975268,0.6653322735560521,-0.8921337826654396,-0.6097733787597381,-0.5300338312189864,-0.8245127073953189,0.5606286731378006,2.0
-0.9168554660975268,0.6653322735560521,-0.8921337826654396,-0.6097733787597381,-0.5300338312189864,-0.8245127073953189,-0.8586867991984982,0.5606286731378006,1.0
0.6653322735560521,-0.8921337826654396,-0.6097733787597381,-0.5300338312189864,-0.8245127073953189,-0.8586867991984982,-0.895042216010391,0.5606286731378006,0.0
-0.8921337826654396,-0.6097733787597381,-0.5300338312189864,-0.8245127073953189,-0.8586867991984982,-0.895042216010391,0.5606286731378006,0.7084740348394982,6.0
-0.6097733787597381,-0.5300338312189864,-0.8245127073953189,-0.8586867991984982,-0.895042216010391,0.5606286731378006,-0.43793344196219114,0.7084740348394982,5.0
-0.5300338312189864,-0.8245127073953189,-0.8586867991984982,-0.895042216010391,0.5606286731378006,-0.43793344196219114,-0.241856560623382,0.7084740348394982,4.0
-0.8245127073953189,-0.8586867991984982,-0.895042216010391,0.5606286731378006,-0.43793344196219114,-0.241856560623382,-0.7585882182430863,0.7084740348394982,3.0
-0.8586867991984982,-0.895042216010391,0.5606286731378006,-0.43793344196219114,-0.241856560623382,-0.7585882182430863,-0.9173402049883521,0.7084740348394982,2.0
-0.895042216010391,0.5606286731378006,-0.43793344196219114,-0.241856560623382,-0.7585882182430863,-0.9173402049883521,-0.8589291686439108,0.7084740348394982,1.0
0.5606286731378006,-0.43793344196219114,-0.241856560623382,-0.7585882182430863,-0.9173402049883521,-0.8589291686439108,-0.8952845854558037,0.7084740348394982,0.0
-0.43793344196219114,-0.241856560623382,-0.7585882182430863,-0.9173402049883521,-0.8589291686439108,-0.8952845854558037,0.7084740348394982,0.5402696397231407,6.0
-0.241856560623382,-0.7585882182430863,-0.9173402049883521,-0.8589291686439108,-0.8952845854558037,0.7084740348394982,-0.735320751483475,0.5402696397231407,5.0
-0.7585882182430863,-0.9173402049883521,-0.8589291686439108,-0.8952845854558037,0.7084740348394982,-0.735320751483475,-0.7484087015357563,0.5402696397231407,4.0
-0.9173402049883521,-0.8589291686439108,-0.8952845854558037,0.7084740348394982,-0.735320751483475,-0.7484087015357563,-0.77094905995913,0.5402696397231407,3.0
-0.8589291686439108,-0.8952845854558037,0.7084740348394982,-0.735320751483475,-0.7484087015357563,-0.77094905995913,-0.9534532523548324,0.5402696397231407,2.0
-0.8952845854558037,0.7084740348394982,-0.735320751483475,-0.7484087015357563,-0.77094905995913,-0.9534532523548324,-0.6378882344276018,0.5402696397231407,1.0
0.7084740348394982,-0.735320751483475,-0.7484087015357563,-0.77094905995913,-0.9534532523548324,-0.6378882344276018,-1.0123490275900988,0.5402696397231407,0.0
-0.735320751483475,-0.7484087015357563,-0.77094905995913,-0.9534532523548324,-0.6378882344276018,-1.0123490275900988,0.5402696397231407,0.47507225890714594,6.0
-0.7484087015357563,-0.77094905995913,-0.9534532523548324,-0.6378882344276018,-1.0123490275900988,0.5402696397231407,-1.1306253169514568,0.47507225890714594,5.0
-0.77094905995913,-0.9534532523548324,-0.6378882344276018,-1.0123490275900988,0.5402696397231407,-1.1306253169514568,-0.8802576798402213,0.47507225890714594,4.0
-0.9534532523548324,-0.6378882344276018,-1.0123490275900988,0.5402696397231407,-1.1306253169514568,-0.8802576798402213,-1.2489016063128153,0.47507225890714594,3.0
-0.6378882344276018,-1.0123490275900988,0.5402696397231407,-1.1306253169514568,-0.8802576798402213,-1.2489016063128153,-1.1502572420298791,0.47507225890714594,2.0
-1.0123490275900988,0.5402696397231407,-1.1306253169514568,-0.8802576798402213,-1.2489016063128153,-1.1502572420298791,-1.1107510224276222,0.47507225890714594,1.0
0.5402696397231407,-1.1306253169514568,-0.8802576798402213,-1.2489016063128153,-1.1502572420298791,-1.1107510224276222,-1.1347455975234715,0.47507225890714594,0.0
-1.1306253169514568,-0.8802576798402213,-1.2489016063128153,-1.1502572420298791,-1.1107510224276222,-1.1347455975234715,0.47507225890714594,0.3078373415724387,6.0
-0.8802576798402213,-1.2489016063128153,-1.1502572420298791,-1.1107510224276222,-1.1347455975234715,0.47507225890714594,-0.8589291686439108,0.3078373415724387,5.0
-1.2489016063128153,-1.1502572420298791,-1.1107510224276222,-1.1347455975234715,0.47507225890714594,-0.8589291686439108,-1.203336150575243,0.3078373415724387,4.0
-1.1502572420298791,-1.1107510224276222,-1.1347455975234715,0.47507225890714594,-0.8589291686439108,-1.203336150575243,-1.2559303202297811,0.3078373415724387,3.0
-1.1107510224276222,-1.1347455975234715,0.47507225890714594,-0.8589291686439108,-1.203336150575243,-1.2559303202297811,-1.1909753088591992,0.3078373415724387,2.0
-1.1347455975234715,0.47507225890714594,-0.8589291686439108,-1.203336150575243,-1.2559303202297811,-1.1909753088591992,-1.2106072339376215,0.3078373415724387,1.0
0.47507225890714594,-0.8589291686439108,-1.203336150575243,-1.2559303202297811,-1.1909753088591992,-1.2106072339376215,-1.1078425890826706,0.3078373415724387,0.0
-0.8589291686439108,-1.203336150575243,-1.2559303202297811,-1.1909753088591992,-1.2106072339376215,-1.1078425890826706,0.3078373415724387,0.4658622199814663,6.0
-1.203336150575243,-1.2559303202297811,-1.1909753088591992,-1.2106072339376215,-1.1078425890826706,0.3078373415724387,-1.081666688978108,0.4658622199814663,5.0
-1.2559303202297811,-1.1909753088591992,-1.2106072339376215,-1.1078425890826706,0.3078373415724387,-1.081666688978108,-1.2537489952210676,0.4658622199814663,4.0
-1.1909753088591992,-1.2106072339376215,-1.1078425890826706,0.3078373415724387,-1.081666688978108,-1.2537489952210676,-1.1315947947331075,0.4658622199814663,3.0
-1.2106072339376215,-1.1078425890826706,0.3078373415724387,-1.081666688978108,-1.2537489952210676,-1.1315947947331075,-1.0894225112313116,0.4658622199814663,2.0
-1.1078425890826706,0.3078373415724387,-1.081666688978108,-1.2537489952210676,-1.1315947947331075,-1.0894225112313116,-1.2353289173697086,0.4658622199814663,1.0
0.3078373415724387,-1.081666688978108,-1.2537489952210676,-1.1315947947331075,-1.0894225112313116,-1.2353289173697086,-1.1720704921170149,0.4658622199814663,0.0
-1.081666688978108,-1.2537489952210676,-1.1315947947331075,-1.0894225112313116,-1.2353289173697086,-1.1720704921170149,0.4658622199814663,0.4312033892874618,6.0
-1.2537489952210676,-1.1315947947331075,-1.0894225112313116,-1.2353289173697086,-1.1720704921170149,0.4658622199814663,-1.0753650833973798,0.4312033892874618,5.0
-1.1315947947331075,-1.0894225112313116,-1.2353289173697086,-1.1720704921170149,0.4658622199814663,-1.0753650833973798,-1.0121066581446863,0.4312033892874618,4.0
-1.0894225112313116,-1.2353289173697086,-1.1720704921170149,0.4658622199814663,-1.0753650833973798,-1.0121066581446863,-1.0513705083015306,0.4312033892874618,3.0
-1.2353289173697086,-1.1720704921170149,0.4658622199814663,-1.0753650833973798,-1.0121066581446863,-1.0513705083015306,-0.8022147184173579,0.4312033892874618,2.0
-1.1720704921170149,0.4658622199814663,-1.0753650833973798,-1.0121066581446863,-1.0513705083015306,-0.8022147184173579,-0.9190367911062403,0.4312033892874618,1.0
0.4658622199814663,-1.0753650833973798,-1.0121066581446863,-1.0513705083015306,-0.8022147184173579,-0.9190367911062403,-0.9270349828048567,0.4312033892874618,0.0
-1.0753650833973798,-1.0121066581446863,-1.0513705083015306,-0.8022147184173579,-0.9190367911062403,-0.9270349828048567,0.4312033892874618,0.6020738483033584,6.0
-1.0121066581446863,-1.0513705083015306,-0.8022147184173579,-0.9190367911062403,-0.9270349828048567,0.4312033892874618,-0.1211565768078976,0.6020738483033584,5.0
-1.0513705083015306,-0.8022147184173579,-0.9190367911062403,-0.9270349828048567,0.4312033892874618,-0.1211565768078976,-0.18247604649729018,0.6020738483033584,4.0
-0.8022147184173579,-0.9190367911062403,-0.9270349828048567,0.4312033892874618,-0.1211565768078976,-0.18247604649729018,-1.1572859559468451,0.6020738483033584,3.0
-0.9190367911062403,-0.9270349828048567,0.4312033892874618,-0.1211565768078976,-0.18247604649729018,-1.1572859559468451,-1.089907250122137,0.6020738483033584,2.0
-0.9270349828048567,0.4312033892874618,-0.1211565768078976,-0.18247604649729018,-1.1572859559468451,-1.089907250122137,-0.7939741572733289,0.6020738483033584,1.0
0.4312033892874618,-0.1211565768078976,-0.18247604649729018,-1.1572859559468451,-1.089907250122137,-0.7939741572733289,-0.9704191135337157,0.6020738483033584,0.0
-0.1211565768078976,-0.18247604649729018,-1.1572859559468451,-1.089907250122137,-0.7939741572733289,-0.9704191135337157,0.6020738483033584,0.09527933794557147,6.0
-0.18247604649729018,-1.1572859559468451,-1.089907250122137,-0.7939741572733289,-0.9704191135337157,0.6020738483033584,-1.063246611126749,0.09527933794557147,5.0
-1.1572859559468451,-1.089907250122137,-0.7939741572733289,-0.9704191135337157,0.6020738483033584,-1.063246611126749,-1.0925733140216758,0.09527933794557147,4.0
-1.089907250122137,-0.7939741572733289,-0.9704191135337157,0.6020738483033584,-1.063246611126749,-1.0925733140216758,-1.0336775387864092,0.09527933794557147,3.0
-0.7939741572733289,-0.9704191135337157,0.6020738483033584,-1.063246611126749,-1.0925733140216758,-1.0336775387864092,-1.1919447866408497,0.09527933794557147,2.0
-0.9704191135337157,0.6020738483033584,-1.063246611126749,-1.0925733140216758,-1.0336775387864092,-1.1919447866408497,-1.1790992060339809,0.09527933794557147,1.0
0.6020738483033584,-1.063246611126749,-1.0925733140216758,-1.0336775387864092,-1.1919447866408497,-1.1790992060339809,-1.229269681234393,0.09527933794557147,0.0
-1.063246611126749,-1.0925733140216758,-1.0336775387864092,-1.1919447866408497,-1.1790992060339809,-1.229269681234393,0.09527933794557147,-0.970176744088303,6.0
-1.0925733140216758,-1.0336775387864092,-1.1919447866408497,-1.1790992060339809,-1.229269681234393,0.09527933794557147,-1.094997008475802,0.4433218615580929,6.0
-1.0336775387864092,-1.1919447866408497,-1.1790992060339809,-1.229269681234393,0.09527933794557147,-1.094997008475802,-1.2176359478545873,0.4433218615580929,5.0
-1.1919447866408497,-1.1790992060339809,-1.229269681234393,0.09527933794557147,-1.094997008475802,-1.2176359478545873,-1.2493863452036404,0.4433218615580929,4.0
-1.1790992060339809,-1.229269681234393,0.09527933794557147,-1.094997008475802,-1.2176359478545873,-1.2493863452036404,-1.1320795336239327,0.4433218615580929,3.0
-1.229269681234393,0.09527933794557147,-1.094997008475802,-1.2176359478545873,-1.2493863452036404,-1.1320795336239327,-1.2040632589114806,0.4433218615580929,2.0
0.09527933794557147,-1.094997008475802,-1.2176359478545873,-1.2493863452036404,-1.1320795336239327,-1.2040632589114806,-1.2406610451687863,0.4433218615580929,1.0
-1.094997008475802,-1.2176359478545873,-1.2493863452036404,-1.1320795336239327,-1.2040632589114806,-1.2406610451687863,-0.970176744088303,0.4433218615580929,0.0
-1.2176359478545873,-1.2493863452036404,-1.1320795336239327,-1.2040632589114806,-1.2406610451687863,-0.970176744088303,0.4433218615580929,-0.9711462218699534,6.0
-1.2493863452036404,-1.1320795336239327,-1.2040632589114806,-1.2406610451687863,-0.970176744088303,0.4433218615580929,-1.18733976717801,-0.8196653184870665,6.0
-1.1320795336239327,-1.2040632589114806,-1.2406610451687863,-0.970176744088303,0.4433218615580929,-1.18733976717801,-1.2542337341118928,0.19101526888355613,6.0
-1.2040632589114806,-1.2406610451687863,-0.970176744088303,0.4433218615580929,-1.18733976717801,-1.2542337341118928,-1.0448265332753899,0.19101526888355613,5.0
-1.2406610451687863,-0.970176744088303,0.4433218615580929,-1.18733976717801,-1.2542337341118928,-1.0448265332753899,-1.0356164943497101,0.19101526888355613,4.0
-0.970176744088303,0.4433218615580929,-1.18733976717801,-1.2542337341118928,-1.0448265332753899,-1.0356164943497101,-1.1022680918381806,0.19101526888355613,3.0
0.4433218615580929,-1.18733976717801,-1.2542337341118928,-1.0448265332753899,-1.0356164943497101,-1.1022680918381806,-1.109539175200559,0.19101526888355613,2.0
-1.18733976717801,-1.2542337341118928,-1.0448265332753899,-1.0356164943497101,-1.1022680918381806,-1.109539175200559,-0.9711462218699534,0.19101526888355613,1.0
0.11515363246940621,-0.7702219516228921,-1.2510829313215288,-0.812878974015513,-0.939638193966313,-0.8933456298925028,-0.7646474543784019,0.018205854304358407,0.0
-0.7702219516228921,-1.2510829313215288,-0.812878974015513,-0.939638193966313,-0.8933456298925028,-0.7646474543784019,0.018205854304358407,0.8892816411173124,6.0
-1.2510829313215288,-0.812878974015513,-0.939638193966313,-0.8933456298925028,-0.7646474543784019,0.018205854304358407,-0.7925199406008531,0.8892816411173124,5.0
-0.812878974015513,-0.939638193966313,-0.8933456298925028,-0.7646474543784019,0.018205854304358407,-0.7925199406008531,-0.8848626993030612,0.8892816411173124,4.0
-0.939638193966313,-0.8933456298925028,-0.7646474543784019,0.018205854304358407,-0.7925199406008531,-0.8848626993030612,-0.9301857855952208,0.8892816411173124,3.0
-0.8933456298925028,-0.7646474543784019,0.018205854304358407,-0.7925199406008531,-0.8848626993030612,-0.9301857855952208,-0.8938303687833279,0.8892816411173124,2.0
-0.7646474543784019,0.018205854304358407,-0.7925199406008531,-0.8848626993030612,-0.9301857855952208,-0.8938303687833279,-0.7263530820032079,0.8892816411173124,1.0
0.018205854304358407,-0.7925199406008531,-0.8848626993030612,-0.9301857855952208,-0.8938303687833279,-0.7263530820032079,-0.8264516629586198,0.8892816411173124,0.0
-0.7925199406008531,-0.8848626993030612,-0.9301857855952208,-0.8938303687833279,-0.7263530820032079,-0.8264516629586198,0.8892816411173124,1.0528810167708307,6.0
-0.8848626993030612,-0.9301857855952208,-0.8938303687833279,-0.7263530820032079,-0.8264516629586198,0.8892816411173124,-0.2973591636228716,1.0528810167708307,5.0
-0.9301857855952208,-0.8938303687833279,-0.7263530820032079,-0.8264516629586198,0.8892816411173124,-0.2973591636228716,-0.5237322256382583,1.0528810167708307,4.0
-0.8938303687833279,-0.7263530820032079,-0.8264516629586198,0.8892816411173124,-0.2973591636228716,-0.5237322256382583,-0.31941478315542027,1.0528810167708307,3.0
-0.7263530820032079,-0.8264516629586198,0.8892816411173124,-0.2973591636228716,-0.5237322256382583,-0.31941478315542027,-0.571721375829957,1.0528810167708307,2.0
-0.8264516629586198,0.8892816411173124,-0.2973591636228716,-0.5237322256382583,-0.31941478315542027,-0.571721375829957,-0.13545637408724218,1.0528810167708307,1.0
0.8892816411173124,-0.2973591636228716,-0.5237322256382583,-0.31941478315542027,-0.571721375829957,-0.13545637408724218,0.680601548617047,1.0528810167708307,0.0
-0.2973591636228716,-0.5237322256382583,-0.31941478315542027,-0.571721375829957,-0.13545637408724218,0.680601548617047,1.0528810167708307,1.1495864254904657,6.0
-0.5237322256382583,-0.31941478315542027,-0.571721375829957,-0.13545637408724218,0.680601548617047,1.0528810167708307,0.011661879278217867,1.1495864254904657,5.0
-0.31941478315542027,-0.571721375829957,-0.13545637408724218,0.680601548617047,1.0528810167708307,0.011661879278217867,-0.32935193041733746,1.1495864254904657,4.0
-0.571721375829957,-0.13545637408724218,0.680601548617047,1.0528810167708307,0.011661879278217867,-0.32935193041733746,-0.14272745744962068,1.1495864254904657,3.0
-0.13545637408724218,0.680601548617047,1.0528810167708307,0.011661879278217867,-0.32935193041733746,-0.14272745744962068,-0.2605190079201536,1.1495864254904657,2.0
0.680601548617047,1.0528810167708307,0.011661879278217867,-0.32935193041733746,-0.14272745744962068,-0.2605190079201536,-0.0932840905854464,1.1495864254904657,1.0
1.0528810167708307,0.011661879278217867,-0.32935193041733746,-0.14272745744962068,-0.2605190079201536,-0.0932840905854464,0.012146618169043052,1.1495864254904657,0.0
0.011661879278217867,-0.32935193041733746,-0.14272745744962068,-0.2605190079201536,-0.0932840905854464,0.012146618169043052,1.1495864254904657,3.249960039436225,6.0
-0.32935193041733746,-0.14272745744962068,-0.2605190079201536,-0.0932840905854464,0.012146618169043052,1.1495864254904657,0.26760401363394365,3.249960039436225,5.0
-0.14272745744962068,-0.2605190079201536,-0.0932840905854464,0.012146618169043052,1.1495864254904657,0.26760401363394365,0.06619500449605713,3.249960039436225,4.0
-0.2605190079201536,-0.0932840905854464,0.012146618169043052,1.1495864254904657,0.26760401363394365,0.06619500449605713,-0.18708106596012997,3.249960039436225,3.0
-0.0932840905854464,0.012146618169043052,1.1495864254904657,0.26760401363394365,0.06619500449605713,-0.18708106596012997,-0.17835576592527555,3.249960039436225,2.0
0.012146618169043052,1.1495864254904657,0.26760401363394365,0.06619500449605713,-0.18708106596012997,-0.17835576592527555,-0.2847559524614158,3.249960039436225,1.0
1.1495864254904657,0.26760401363394365,0.06619500449605713,-0.18708106596012997,-0.17835576592527555,-0.2847559524614158,0.29693071652887076,3.249960039436225,0.0
0.26760401363394365,0.06619500449605713,-0.18708106596012997,-0.17835576592527555,-0.2847559524614158,0.29693071652887076,3.249960039436225,2.1321521571932243,0.0
0.06619500449605713,-0.18708106596012997,-0.17835576592527555,-0.2847559524614158,0.29693071652887076,3.249960039436225,2.1321521571932243,1.8313716754361635,5.0
-0.18708106596012997,-0.17835576592527555,-0.2847559524614158,0.29693071652887076,3.249960039436225,2.1321521571932243,0.8953408772526278,1.8313716754361635,4.0
-0.17835576592527555,-0.2847559524614158,0.29693071652887076,3.249960039436225,2.1321521571932243,0.8953408772526278,0.16483936877899327,1.8313716754361635,3.0
-0.2847559524614158,0.29693071652887076,3.249960039436225,2.1321521571932243,0.8953408772526278,0.16483936877899327,0.2009524161454737,1.8313716754361635,2.0
0.29693071652887076,3.249960039436225,2.1321521571932243,0.8953408772526278,0.16483936877899327,0.2009524161454737,0.22809779403168695,1.8313716754361635,1.0
3.249960039436225,2.1321521571932243,0.8953408772526278,0.16483936877899327,0.2009524161454737,0.22809779403168695,0.5785640120983343,1.8313716754361635,0.0
2.1321521571932243,0.8953408772526278,0.16483936877899327,0.2009524161454737,0.22809779403168695,0.5785640120983343,1.8313716754361635,1.3199721456155367,6.0
0.8953408772526278,0.16483936877899327,0.2009524161454737,0.22809779403168695,0.5785640120983343,1.8313716754361635,0.4004224697200591,1.3199721456155367,5.0
0.16483936877899327,0.2009524161454737,0.22809779403168695,0.5785640120983343,1.8313716754361635,0.4004224697200591,0.07540504342173672,1.3199721456155367,4.0
0.2009524161454737,0.22809779403168695,0.5785640120983343,1.8313716754361635,0.4004224697200591,0.07540504342173672,0.39509034192098175,1.3199721456155367,3.0
0.22809779403168695,0.5785640120983343,1.8313716754361635,0.4004224697200591,0.07540504342173672,0.39509034192098175,0.5938332871593296,1.3199721456155367,2.0
0.5785640120983343,1.8313716754361635,0.4004224697200591,0.07540504342173672,0.39509034192098175,0.5938332871593296,0.5371188369327764,1.3199721456155367,1.0
1.8313716754361635,0.4004224697200591,0.07540504342173672,0.39509034192098175,0.5938332871593296,0.5371188369327764,0.6406105901239648,1.3199721456155367,0.0
0.4004224697200591,0.07540504342173672,0.39509034192098175,0.5938332871593296,0.5371188369327764,0.6406105901239648,1.3199721456155367,0.43895921154066586,1.0
0.07540504342173672,0.39509034192098175,0.5938332871593296,0.5371188369327764,0.6406105901239648,1.3199721456155367,0.336921675021953,0.4629537866365149,6.0
0.39509034192098175,0.5938332871593296,0.5371188369327764,0.6406105901239648,1.3199721456155367,0.336921675021953,0.43895921154066586,0.4629537866365149,5.0
0.5938332871593296,0.5371188369327764,0.6406105901239648,1.3199721456155367,0.336921675021953,0.43895921154066586,0.3727923529430207,0.6818133958441102,6.0
0.5371188369327764,0.6406105901239648,1.3199721456155367,0.336921675021953,0.43895921154066586,0.3727923529430207,0.24239759131103153,1.3577817790999056,6.0
0.6406105901239648,1.3199721456155367,0.336921675021953,0.43895921154066586,0.3727923529430207,0.24239759131103153,0.10933676577950328,1.3577817790999056,5.0
1.3199721456155367,0.336921675021953,0.43895921154066586,0.3727923529430207,0.24239759131103153,0.10933676577950328,-0.25179370788529953,1.3577817790999056,4.0
0.336921675021953,0.43895921154066586,0.3727923529430207,0.24239759131103153,0.10933676577950328,-0.25179370788529953,-0.33419931932559005,1.9826102093736377,6.0
0.43895921154066586,0.3727923529430207,0.24239759131103153,0.10933676577950328,-0.25179370788529953,-0.33419931932559005,0.4629537866365149,1.9826102093736377,5.0
0.3727923529430207,0.24239759131103153,0.10933676577950328,-0.25179370788529953,-0.33419931932559005,0.4629537866365149,0.3434656500480936,1.9826102093736377,4.0
0.24239759131103153,0.10933676577950328,-0.25179370788529953,-0.33419931932559005,0.4629537866365149,0.3434656500480936,0.6818133958441102,1.9826102093736377,3.0
0.10933676577950328,-0.25179370788529953,-0.33419931932559005,0.4629537866365149,0.3434656500480936,0.6818133958441102,1.3577817790999056,1.9826102093736377,2.0
-0.25179370788529953,-0.33419931932559005,0.4629537866365149,0.3434656500480936,0.6818133958441102,1.3577817790999056,1.121713939268014,1.9826102093736377,1.0
-0.33419931932559005,0.4629537866365149,0.3434656500480936,0.6818133958441102,1.3577817790999056,1.121713939268014,0.969990666439715,1.9826102093736377,0.0
0.4629537866365149,0.3434656500480936,0.6818133958441102,1.3577817790999056,1.121713939268014,0.969990666439715,1.9826102093736377,2.1963800602275687,6.0
0.3434656500480936,0.6818133958441102,1.3577817790999056,1.121713939268014,0.969990666439715,1.9826102093736377,0.5509338953212959,2.1963800602275687,5.0
0.6818133958441102,1.3577817790999056,1.121713939268014,0.969990666439715,1.9826102093736377,0.5509338953212959,0.34419275838433155,2.1963800602275687,4.0
1.3577817790999056,1.121713939268014,0.969990666439715,1.9826102093736377,0.5509338953212959,0.34419275838433155,0.5063379173653738,2.1963800602275687,3.0
1.121713939268014,0.969990666439715,1.9826102093736377,0.5509338953212959,0.34419275838433155,0.5063379173653738,0.5494796786488203,2.1963800602275687,2.0
0.969990666439715,1.9826102093736377,0.5509338953212959,0.34419275838433155,0.5063379173653738,0.5494796786488203,0.6054670205391351,2.1963800602275687,1.0
1.9826102093736377,0.5509338953212959,0.34419275838433155,0.5063379173653738,0.5494796786488203,0.6054670205391351,0.41157146420903984,2.1963800602275687,0.0
0.5509338953212959,0.34419275838433155,0.5063379173653738,0.5494796786488203,0.6054670205391351,0.41157146420903984,2.1963800602275687,2.2368557576114756,6.0
0.34419275838433155,0.5063379173653738,0.5494796786488203,0.6054670205391351,0.41157146420903984,2.1963800602275687,0.24409417742891984,2.2368557576114756,5.0
0.5063379173653738,0.5494796786488203,0.6054670205391351,0.41157146420903984,2.1963800602275687,0.24409417742891984,0.7002334736954694,2.2368557576114756,4.0
0.5494796786488203,0.6054670205391351,0.41157146420903984,2.1963800602275687,0.24409417742891984,0.7002334736954694,0.7159874876472896,2.2368557576114756,3.0
0.6054670205391351,0.41157146420903984,2.1963800602275687,0.24409417742891984,0.7002334736954694,0.7159874876472896,0.8892816411173124,2.2368557576114756,2.0
0.41157146420903984,2.1963800602275687,0.24409417742891984,0.7002334736954694,0.7159874876472896,0.8892816411173124,1.41740466267141,2.2368557576114756,1.0
2.1963800602275687,0.24409417742891984,0.7002334736954694,0.7159874876472896,0.8892816411173124,1.41740466267141,1.2860404232577702,2.2368557576114756,0.0
0.24409417742891984,0.7002334736954694,0.7159874876472896,0.8892816411173124,1.41740466267141,1.2860404232577702,2.2368557576114756,1.5868209050148308,1.0
0.7002334736954694,0.7159874876472896,0.8892816411173124,1.41740466267141,1.2860404232577702,2.2368557576114756,1.422252051579662,1.5868209050148308,0.0
0.7159874876472896,0.8892816411173124,1.41740466267141,1.2860404232577702,2.2368557576114756,1.422252051579662,1.5868209050148308,1.0746942668579664,2.0
0.8892816411173124,1.41740466267141,1.2860404232577702,2.2368557576114756,1.422252051579662,1.5868209050148308,0.6932047597785034,1.0746942668579664,1.0
1.41740466267141,1.2860404232577702,2.2368557576114756,1.422252051579662,1.5868209050148308,0.6932047597785034,0.729075437699571,1.0746942668579664,0.0
1.2860404232577702,2.2368557576114756,1.422252051579662,1.5868209050148308,0.6932047597785034,0.729075437699571,1.0746942668579664,1.039550697273136,4.0
2.2368557576114756,1.422252051579662,1.5868209050148308,0.6932047597785034,0.729075437699571,1.0746942668579664,0.6575764513028485,1.039550697273136,3.0
1.422252051579662,1.5868209050148308,0.6932047597785034,0.729075437699571,1.0746942668579664,0.6575764513028485,0.569353973172655,1.039550697273136,2.0
1.5868209050148308,0.6932047597785034,0.729075437699571,1.0746942668579664,0.6575764513028485,0.569353973172655,0.32989296110498695,1.039550697273136,1.0
0.6932047597785034,0.729075437699571,1.0746942668579664,0.6575764513028485,0.569353973172655,0.32989296110498695,1.0094968860419717,1.039550697273136,0.0
0.729075437699571,1.0746942668579664,0.6575764513028485,0.569353973172655,0.32989296110498695,1.0094968860419717,1.039550697273136,1.1192902448138877,6.0
1.0746942668579664,0.6575764513028485,0.569353973172655,0.32989296110498695,1.0094968860419717,1.039550697273136,0.5313019702428735,1.128985022630393,6.0
0.6575764513028485,0.569353973172655,0.32989296110498695,1.0094968860419717,1.039550697273136,0.5313019702428735,0.6323700289799359,1.1961213590096884,6.0
0.569353973172655,0.32989296110498695,1.0094968860419717,1.039550697273136,0.5313019702428735,0.6323700289799359,0.7600987267123864,1.2986436344192265,6.0
0.32989296110498695,1.0094968860419717,1.039550697273136,0.5313019702428735,0.6323700289799359,0.7600987267123864,0.7152603793110516,3.1438022223454976,6.0
1.0094968860419717,1.039550697273136,0.5313019702428735,0.6323700289799359,0.7600987267123864,0.7152603793110516,0.7719748295376048,3.1438022223454976,5.0
1.039550697273136,0.5313019702428735,0.6323700289799359,0.7600987267123864,0.7152603793110516,0.7719748295376048,0.6449732401413922,3.1438022223454976,4.0
0.5313019702428735,0.6323700289799359,0.7600987267123864,0.7152603793110516,0.7719748295376048,0.6449732401413922,1.1192902448138877,3.1438022223454976,3.0
0.6323700289799359,0.7600987267123864,0.7152603793110516,0.7719748295376048,0.6449732401413922,1.1192902448138877,1.128985022630393,3.1438022223454976,2.0
0.7600987267123864,0.7152603793110516,0.7719748295376048,0.6449732401413922,1.1192902448138877,1.128985022630393,1.1961213590096884,3.1438022223454976,1.0
0.7152603793110516,0.7719748295376048,0.6449732401413922,1.1192902448138877,1.128985022630393,1.1961213590096884,1.2986436344192265,3.1438022223454976,0.0
0.7719748295376048,0.6449732401413922,1.1192902448138877,1.128985022630393,1.1961213590096884,1.2986436344192265,3.1438022223454976,2.269090893851354,6.0
0.6449732401413922,1.1192902448138877,1.128985022630393,1.1961213590096884,1.2986436344192265,3.1438022223454976,1.3747476402787888,2.269090893851354,5.0
1.1192902448138877,1.128985022630393,1.1961213590096884,1.2986436344192265,3.1438022223454976,1.3747476402787888,0.9389673774268995,2.269090893851354,4.0
1.128985022630393,1.1961213590096884,1.2986436344192265,3.1438022223454976,1.3747476402787888,0.9389673774268995,1.2751337982142026,2.269090893851354,3.0
1.1961213590096884,1.2986436344192265,3.1438022223454976,1.3747476402787888,0.9389673774268995,1.2751337982142026,1.3446938290476245,2.269090893851354,2.0
1.2986436344192265,3.1438022223454976,1.3747476402787888,0.9389673774268995,1.2751337982142026,1.3446938290476245,1.2724677343146635,2.269090893851354,1.0
3.1438022223454976,1.3747476402787888,0.9389673774268995,1.2751337982142026,1.3446938290476245,1.2724677343146635,1.186911320084009,2.269090893851354,0.0
1.3747476402787888,0.9389673774268995,1.2751337982142026,1.3446938290476245,1.2724677343146635,1.186911320084009,2.269090893851354,2.537636239368536,6.0
0.9389673774268995,1.2751337982142026,1.3446938290476245,1.2724677343146635,1.186911320084009,2.269090893851354,1.4610311628456811,2.537636239368536,5.0
1.2751337982142026,1.3446938290476245,1.2724677343146635,1.186911320084009,2.269090893851354,1.4610311628456811,1.093114344709325,2.537636239368536,4.0
1.3446938290476245,1.2724677343146635,1.186911320084009,2.269090893851354,1.4610311628456811,1.093114344709325,0.9268489051562685,2.537636239368536,3.0
1.2724677343146635,1.186911320084009,2.269090893851354,1.4610311628456811,1.093114344709325,0.9268489051562685,0.8844342522090599,2.537636239368536,2.0
1.186911320084009,2.269090893851354,1.4610311628456811,1.093114344709325,0.9268489051562685,0.8844342522090599,0.6321276595345232,2.537636239368536,1.0
2.269090893851354,1.4610311628456811,1.093114344709325,0.9268489051562685,0.8844342522090599,0.6321276595345232,0.799120207423818,2.537636239368536,0.0
1.4610311628456811,1.093114344709325,0.9268489051562685,0.8844342522090599,0.6321276595345232,0.799120207423818,2.537636239368536,1.6374761191060687,6.0
1.093114344709325,0.9268489051562685,0.8844342522090599,0.6321276595345232,0.799120207423818,2.537636239368536,0.9229709940296666,1.6374761191060687,5.0
0.9268489051562685,0.8844342522090599,0.6321276595345232,0.799120207423818,2.537636239368536,0.9229709940296666,0.40187668639253504,1.6374761191060687,4.0
0.8844342522090599,0.6321276595345232,0.799120207423818,2.537636239368536,0.9229709940296666,0.40187668639253504,0.6600001457569747,1.6374761191060687,3.0
0.6321276595345232,0.799120207423818,2.537636239368536,0.9229709940296666,0.40187668639253504,0.6600001457569747,1.010466363823622,1.6374761191060687,2.0
0.799120207423818,2.537636239368536,0.9229709940296666,0.40187668639253504,0.6600001457569747,1.010466363823622,1.1236528948313156,1.6374761191060687,1.0
2.537636239368536,0.9229709940296666,0.40187668639253504,0.6600001457569747,1.010466363823622,1.1236528948313156,0.8655294354668759,1.6374761191060687,0.0
0.9229709940296666,0.40187668639253504,0.6600001457569747,1.010466363823622,1.1236528948313156,0.8655294354668759,1.6374761191060687,1.4806630879241034,6.0
0.40187668639253504,0.6600001457569747,1.010466363823622,1.1236528948313156,0.8655294354668759,1.6374761191060687,0.7431328655335028,1.6365066413244176,6.0
0.6600001457569747,1.010466363823622,1.1236528948313156,0.8655294354668759,1.6374761191060687,0.7431328655335028,0.16483936877899327,1.6365066413244176,5.0
1.010466363823622,1.1236528948313156,0.8655294354668759,1.6374761191060687,0.7431328655335028,0.16483936877899327,0.20046767725464815,1.6365066413244176,4.0
1.1236528948313156,0.8655294354668759,1.6374761191060687,0.7431328655335028,0.16483936877899327,0.20046767725464815,0.7077469265032607,1.6365066413244176,3.0
0.8655294354668759,1.6374761191060687,0.7431328655335028,0.16483936877899327,0.20046767725464815,0.7077469265032607,1.3747476402787888,1.6365066413244176,2.0
1.6374761191060687,0.7431328655335028,0.16483936877899327,0.20046767725464815,0.7077469265032607,1.3747476402787888,1.1781860200491547,1.6365066413244176,1.0
0.7431328655335028,0.16483936877899327,0.20046767725464815,0.7077469265032607,1.3747476402787888,1.1781860200491547,1.4806630879241034,1.8997198590425222,6.0
0.16483936877899327,0.20046767725464815,0.7077469265032607,1.3747476402787888,1.1781860200491547,1.4806630879241034,1.6365066413244176,1.8997198590425222,5.0
0.20046767725464815,0.7077469265032607,1.3747476402787888,1.1781860200491547,1.4806630879241034,1.6365066413244176,0.8618938937856865,1.8997198590425222,4.0
0.7077469265032607,1.3747476402787888,1.1781860200491547,1.4806630879241034,1.6365066413244176,0.8618938937856865,0.676966006935858,1.8997198590425222,3.0
1.3747476402787888,1.1781860200491547,1.4806630879241034,1.6365066413244176,0.8618938937856865,0.676966006935858,0.6922352819968529,1.8997198590425222,2.0
1.1781860200491547,1.4806630879241034,1.6365066413244176,0.8618938937856865,0.676966006935858,0.6922352819968529,0.42005439479848145,1.8997198590425222,1.0
1.4806630879241034,1.6365066413244176,0.8618938937856865,0.676966006935858,0.6922352819968529,0.42005439479848145,0.24845682744634687,1.8997198590425222,0.0
1.6365066413244176,0.8618938937856865,0.676966006935858,0.6922352819968529,0.42005439479848145,0.24845682744634687,1.8997198590425222,1.170914936686776,6.0
0.8618938937856865,0.676966006935858,0.6922352819968529,0.42005439479848145,0.24845682744634687,1.8997198590425222,0.34928251673799654,1.170914936686776,5.0
0.676966006935858,0.6922352819968529,0.42005439479848145,0.24845682744634687,1.8997198590425222,0.34928251673799654,0.020387179313072278,1.170914936686776,4.0
0.6922352819968529,0.42005439479848145,0.24845682744634687,1.8997198590425222,0.34928251673799654,0.020387179313072278,0.1660512160060564,1.170914936686776,3.0
0.42005439479848145,0.24845682744634687,1.8997198590425222,0.34928251673799654,0.020387179313072278,0.1660512160060564,0.32092529162472017,1.170914936686776,2.0
0.24845682744634687,1.8997198590425222,0.34928251673799654,0.020387179313072278,0.1660512160060564,0.32092529162472017,0.16677832434229437,1.170914936686776,1.0
1.8997198590425222,0.34928251673799654,0.020387179313072278,0.1660512160060564,0.32092529162472017,0.16677832434229437,0.04632070997222238,1.170914936686776,0.0
0.34928251673799654,0.020387179313072278,0.1660512160060564,0.32092529162472017,0.16677832434229437,0.04632070997222238,1.170914936686776,2.113732079341865,6.0
0.020387179313072278,0.1660512160060564,0.32092529162472017,0.16677832434229437,0.04632070997222238,1.170914936686776,0.033232759919940943,2.113732079341865,5.0
0.1660512160060564,0.32092529162472017,0.16677832434229437,0.04632070997222238,1.170914936686776,0.033232759919940943,-0.06953188493500945,2.113732079341865,4.0
0.32092529162472017,0.16677832434229437,0.04632070997222238,1.170914936686776,0.033232759919940943,-0.06953188493500945,0.1149112630239938,2.113732079341865,3.0
0.16677832434229437,0.04632070997222238,1.170914936686776,0.033232759919940943,-0.06953188493500945,0.1149112630239938,0.27899537756833714,2.113732079341865,2.0
0.04632070997222238,1.170914936686776,0.033232759919940943,-0.06953188493500945,0.1149112630239938,0.27899537756833714,0.3696415501526565,2.113732079341865,1.0
1.170914936686776,0.033232759919940943,-0.06953188493500945,0.1149112630239938,0.27899537756833714,0.3696415501526565,0.9164270190035257,2.113732079341865,0.0
0.033232759919940943,-0.06953188493500945,0.1149112630239938,0.27899537756833714,0.3696415501526565,0.9164270190035257,2.113732079341865,0.7930609712885026,6.0
-0.06953188493500945,0.1149112630239938,0.27899537756833714,0.3696415501526565,0.9164270190035257,2.113732079341865,0.4285373253879231,0.7930609712885026,5.0
0.1149112630239938,0.27899537756833714,0.3696415501526565,0.9164270190035257,2.113732079341865,0.4285373253879231,0.04026147383690703,0.7930609712885026,4.0
0.27899537756833714,0.3696415501526565,0.9164270190035257,2.113732079341865,0.4285373253879231,0.04026147383690703,-0.09837384893911139,0.7930609712885026,3.0
0.3696415501526565,0.9164270190035257,2.113732079341865,0.4285373253879231,0.04026147383690703,-0.09837384893911139,-0.11776340457212095,0.7930609712885026,2.0
0.9164270190035257,2.113732079341865,0.4285373253879231,0.04026147383690703,-0.09837384893911139,-0.11776340457212095,-0.009424262472680025,0.7930609712885026,1.0
2.113732079341865,0.4285373253879231,0.04026147383690703,-0.09837384893911139,-0.11776340457212095,-0.009424262472680025,-0.04699152651163601,0.7930609712885026,0.0
0.4285373253879231,0.04026147383690703,-0.09837384893911139,-0.11776340457212095,-0.009424262472680025,-0.04699152651163601,0.7930609712885026,1.5320454103515788,6.0
0.04026147383690703,-0.09837384893911139,-0.11776340457212095,-0.009424262472680025,-0.04699152651163601,0.7930609712885026,-0.11267364621845596,1.5320454103515788,5.0
-0.09837384893911139,-0.11776340457212095,-0.009424262472680025,-0.04699152651163601,0.7930609712885026,-0.11267364621845596,-0.40594067516772536,1.5320454103515788,4.0
-0.11776340457212095,-0.009424262472680025,-0.04699152651163601,0.7930609712885026,-0.11267364621845596,-0.40594067516772536,-0.4161201918750553,1.5320454103515788,3.0
-0.009424262472680025,-0.04699152651163601,0.7930609712885026,-0.11267364621845596,-0.40594067516772536,-0.4161201918750553,0.06304420170569325,1.5320454103515788,2.0
-0.04699152651163601,0.7930609712885026,-0.11267364621845596,-0.40594067516772536,-0.4161201918750553,0.06304420170569325,0.11176046023362957,1.5320454103515788,1.0
0.7930609712885026,-0.11267364621845596,-0.40594067516772536,-0.4161201918750553,0.06304420170569325,0.11176046023362957,0.13430081865700336,1.5320454103515788,0.0
-0.11267364621845596,-0.40594067516772536,-0.4161201918750553,0.06304420170569325,0.11176046023362957,0.13430081865700336,1.5320454103515788,1.0521539084345923,6.0
-0.40594067516772536,-0.4161201918750553,0.06304420170569325,0.11176046023362957,0.13430081865700336,1.5320454103515788,-0.009666631918092796,1.0521539084345923,5.0
-0.4161201918750553,0.06304420170569325,0.11176046023362957,0.13430081865700336,1.5320454103515788,-0.009666631918092796,-0.05789815155520393,1.0521539084345923,4.0
0.06304420170569325,0.11176046023362957,0.13430081865700336,1.5320454103515788,-0.009666631918092796,-0.05789815155520393,0.022568504321785792,1.0521539084345923,3.0
0.11176046023362957,0.13430081865700336,1.5320454103515788,-0.009666631918092796,-0.05789815155520393,0.022568504321785792,-0.2634274412651051,1.0521539084345923,2.0
0.13430081865700336,1.5320454103515788,-0.009666631918092796,-0.05789815155520393,0.022568504321785792,-0.2634274412651051,0.42126624202554463,1.0521539084345923,1.0
1.5320454103515788,-0.009666631918092796,-0.05789815155520393,0.022568504321785792,-0.2634274412651051,0.42126624202554463,-0.11509734067258189,1.0521539084345923,0.0
-0.009666631918092796,-0.05789815155520393,0.022568504321785792,-0.2634274412651051,0.42126624202554463,-0.11509734067258189,1.0521539084345923,0.4905839034135536,5.0
-0.05789815155520393,0.022568504321785792,-0.2634274412651051,0.42126624202554463,-0.11509734067258189,1.0521539084345923,-0.191443715977557,0.4905839034135536,4.0
0.022568504321785792,-0.2634274412651051,0.42126624202554463,-0.11509734067258189,1.0521539084345923,-0.191443715977557,0.09140142681896964,0.4905839034135536,3.0
-0.2634274412651051,0.42126624202554463,-0.11509734067258189,1.0521539084345923,-0.191443715977557,0.09140142681896964,0.07419319619467359,0.4905839034135536,2.0
0.42126624202554463,-0.11509734067258189,1.0521539084345923,-0.191443715977557,0.09140142681896964,0.07419319619467359,-0.3746750167094975,0.4905839034135536,1.0
-0.11509734067258189,1.0521539084345923,-0.191443715977557,0.09140142681896964,0.07419319619467359,-0.3746750167094975,-0.516218772830467,0.4905839034135536,0.0
1.0521539084345923,-0.191443715977557,0.09140142681896964,0.07419319619467359,-0.3746750167094975,-0.516218772830467,0.4905839034135536,0.12630262695838693,6.0
-0.191443715977557,0.09140142681896964,0.07419319619467359,-0.3746750167094975,-0.516218772830467,0.4905839034135536,-0.2774848690990369,1.303491023327479,6.0
0.09140142681896964,0.07419319619467359,-0.3746750167094975,-0.516218772830467,0.4905839034135536,-0.2774848690990369,-0.4420537225342054,1.303491023327479,5.0
0.07419319619467359,-0.3746750167094975,-0.516218772830467,0.4905839034135536,-0.2774848690990369,-0.4420537225342054,-0.14296982689503346,1.303491023327479,4.0
-0.3746750167094975,-0.516218772830467,0.4905839034135536,-0.2774848690990369,-0.4420537225342054,-0.14296982689503346,-0.1681762492179456,1.303491023327479,3.0
-0.516218772830467,0.4905839034135536,-0.2774848690990369,-0.4420537225342054,-0.14296982689503346,-0.1681762492179456,-0.3259587581815608,1.303491023327479,2.0
0.4905839034135536,-0.2774848690990369,-0.4420537225342054,-0.14296982689503346,-0.1681762492179456,-0.3259587581815608,-0.15290697415695065,1.303491023327479,1.0
-0.2774848690990369,-0.4420537225342054,-0.14296982689503346,-0.1681762492179456,-0.3259587581815608,-0.15290697415695065,0.12630262695838693,1.303491023327479,0.0
-0.4420537225342054,-0.14296982689503346,-0.1681762492179456,-0.3259587581815608,-0.15290697415695065,0.12630262695838693,1.303491023327479,0.5305748619066359,6.0
-0.14296982689503346,-0.1681762492179456,-0.3259587581815608,-0.15290697415695065,0.12630262695838693,1.303491023327479,0.40454275029207376,0.5305748619066359,5.0
-0.1681762492179456,-0.3259587581815608,-0.15290697415695065,0.12630262695838693,1.303491023327479,0.40454275029207376,-0.33129088598063855,0.5305748619066359,4.0
-0.3259587581815608,-0.15290697415695065,0.12630262695838693,1.303491023327479,0.40454275029207376,-0.33129088598063855,-0.576084025847384,0.5305748619066359,3.0
-0.15290697415695065,0.12630262695838693,1.303491023327479,0.40454275029207376,-0.33129088598063855,-0.576084025847384,-0.4612009087218025,0.5305748619066359,2.0
0.12630262695838693,1.303491023327479,0.40454275029207376,-0.33129088598063855,-0.576084025847384,-0.4612009087218025,-0.732654687583936,0.5305748619066359,1.0
1.303491023327479,0.40454275029207376,-0.33129088598063855,-0.576084025847384,-0.4612009087218025,-0.732654687583936,-0.5184000978391805,0.5305748619066359,0.0
0.40454275029207376,-0.33129088598063855,-0.576084025847384,-0.4612009087218025,-0.732654687583936,-0.5184000978391805,0.5305748619066359,0.6905386958789647,6.0
-0.33129088598063855,-0.576084025847384,-0.4612009087218025,-0.732654687583936,-0.5184000978391805,0.5305748619066359,-0.1070991489739658,0.6905386958789647,5.0
-0.576084025847384,-0.4612009087218025,-0.732654687583936,-0.5184000978391805,0.5305748619066359,-0.1070991489739658,-0.6800605179293976,0.6905386958789647,4.0
-0.4612009087218025,-0.732654687583936,-0.5184000978391805,0.5305748619066359,-0.1070991489739658,-0.6800605179293976,-0.6841807985014122,0.6905386958789647,3.0
-0.732654687583936,-0.5184000978391805,0.5305748619066359,-0.1070991489739658,-0.6800605179293976,-0.6841807985014122,-0.47525833655573435,0.6905386958789647,2.0
-0.5184000978391805,0.5305748619066359,-0.1070991489739658,-0.6800605179293976,-0.6841807985014122,-0.47525833655573435,-0.6560659428335486,0.6905386958789647,1.0
0.5305748619066359,-0.1070991489739658,-0.6800605179293976,-0.6841807985014122,-0.47525833655573435,-0.6560659428335486,-0.6075920537510247,0.6905386958789647,0.0
-0.1070991489739658,-0.6800605179293976,-0.6841807985014122,-0.47525833655573435,-0.6560659428335486,-0.6075920537510247,0.6905386958789647,0.5562660231203732,6.0
-0.6800605179293976,-0.6841807985014122,-0.47525833655573435,-0.6560659428335486,-0.6075920537510247,0.6905386958789647,-0.7081753735972616,0.5562660231203732,5.0
-0.6841807985014122,-0.47525833655573435,-0.6560659428335486,-0.6075920537510247,0.6905386958789647,-0.7081753735972616,-0.09910095727534934,0.5562660231203732,4.0
-0.47525833655573435,-0.6560659428335486,-0.6075920537510247,0.6905386958789647,-0.7081753735972616,-0.09910095727534934,0.05431890167083883,0.5562660231203732,3.0
-0.6560659428335486,-0.6075920537510247,0.6905386958789647,-0.7081753735972616,-0.09910095727534934,0.05431890167083883,0.36091625011780243,0.5562660231203732,2.0
-0.6075920537510247,0.6905386958789647,-0.7081753735972616,-0.09910095727534934,0.05431890167083883,0.36091625011780243,-0.3041455080944253,0.5562660231203732,1.0
0.6905386958789647,-0.7081753735972616,-0.09910095727534934,0.05431890167083883,0.36091625011780243,-0.3041455080944253,-0.5668739869217044,0.5562660231203732,0.0
-0.7081753735972616,-0.09910095727534934,0.05431890167083883,0.36091625011780243,-0.3041455080944253,-0.5668739869217044,0.5562660231203732,2.137969023883127,6.0
-0.09910095727534934,0.05431890167083883,0.36091625011780243,-0.3041455080944253,-0.5668739869217044,0.5562660231203732,-0.9313976328222839,3.11811106113176,6.0
0.05431890167083883,0.36091625011780243,-0.3041455080944253,-0.5668739869217044,0.5562660231203732,-0.9313976328222839,-0.8618376019888622,3.11811106113176,5.0
0.36091625011780243,-0.3041455080944253,-0.5668739869217044,0.5562660231203732,-0.9313976328222839,-0.8618376019888622,-0.8863169159755366,3.2804985895582144,6.0
-0.3041455080944253,-0.5668739869217044,0.5562660231203732,-0.9313976328222839,-0.8618376019888622,-0.8863169159755366,-0.5220356395203699,3.2804985895582144,5.0
-0.5668739869217044,0.5562660231203732,-0.9313976328222839,-0.8618376019888622,-0.8863169159755366,-0.5220356395203699,-0.37370553892784675,3.2804985895582144,4.0
0.5562660231203732,-0.9313976328222839,-0.8618376019888622,-0.8863169159755366,-0.5220356395203699,-0.37370553892784675,-0.6657607206500533,3.2804985895582144,3.0
-0.9313976328222839,-0.8618376019888622,-0.8863169159755366,-0.5220356395203699,-0.37370553892784675,-0.6657607206500533,2.137969023883127,3.2804985895582144,2.0
-0.8618376019888622,-0.8863169159755366,-0.5220356395203699,-0.37370553892784675,-0.6657607206500533,2.137969023883127,3.11811106113176,3.2804985895582144,1.0
-0.8863169159755366,-0.5220356395203699,-0.37370553892784675,-0.6657607206500533,2.137969023883127,3.11811106113176,2.8277524655274413,3.2804985895582144,0.0
-0.5220356395203699,-0.37370553892784675,-0.6657607206500533,2.137969023883127,3.11811106113176,2.8277524655274413,3.2804985895582144,2.9700233299846497,0.0
-0.37370553892784675,-0.6657607206500533,2.137969023883127,3.11811106113176,2.8277524655274413,3.2804985895582144,2.9700233299846497,2.676029192699142,0.0
-0.6657607206500533,2.137969023883127,3.11811106113176,2.8277524655274413,3.2804985895582144,2.9700233299846497,2.676029192699142,1.9300160397191,0.0
2.137969023883127,3.11811106113176,2.8277524655274413,3.2804985895582144,2.9700233299846497,2.676029192699142,1.9300160397191,1.9232296952475467,0.0
3.11811106113176,2.8277524655274413,3.2804985895582144,2.9700233299846497,2.676029192699142,1.9300160397191,1.9232296952475467,0.6338242456524115,6.0
2.8277524655274413,3.2804985895582144,2.9700233299846497,2.676029192699142,1.9300160397191,1.9232296952475467,-0.14684773802163528,0.6338242456524115,5.0
3.2804985895582144,2.9700233299846497,2.676029192699142,1.9300160397191,1.9232296952475467,-0.14684773802163528,-0.520581422847894,0.6338242456524115,4.0
2.9700233299846497,2.676029192699142,1.9300160397191,1.9232296952475467,-0.14684773802163528,-0.520581422847894,-0.6412814066633787,0.6338242456524115,3.0
2.676029192699142,1.9300160397191,1.9232296952475467,-0.14684773802163528,-0.520581422847894,-0.6412814066633787,-0.55814868688685,0.6338242456524115,2.0
1.9300160397191,1.9232296952475467,-0.14684773802163528,-0.520581422847894,-0.6412814066633787,-0.55814868688685,-0.6051683592968984,0.6338242456524115,1.0
1.9232296952475467,-0.14684773802163528,-0.520581422847894,-0.6412814066633787,-0.55814868688685,-0.6051683592968984,-0.914189402197988,0.6338242456524115,0.0
-0.14684773802163528,-0.520581422847894,-0.6412814066633787,-0.55814868688685,-0.6051683592968984,-0.914189402197988,0.6338242456524115,0.6314167091613129,6.0
-0.520581422847894,-0.6412814066633787,-0.55814868688685,-0.6051683592968984,-0.914189402197988,0.6338242456524115,-0.8817118965126971,0.6314167091613129,5.0
-0.6412814066633787,-0.55814868688685,-0.6051683592968984,-0.914189402197988,0.6338242456524115,-0.8817118965126971,-1.1279592530519182,0.6314167091613129,4.0
-0.55814868688685,-0.6051683592968984,-0.914189402197988,0.6338242456524115,-0.8817118965126971,-1.1279592530519182,-1.1589825420647335,0.6314167091613129,3.0
-0.6051683592968984,-0.914189402197988,0.6338242456524115,-0.8817118965126971,-1.1279592530519182,-1.1589825420647335,-0.9648446162892255,0.6314167091613129,2.0
-0.914189402197988,0.6338242456524115,-0.8817118965126971,-1.1279592530519182,-1.1589825420647335,-0.9648446162892255,-0.595005000552596,0.6314167091613129,1.0
0.6338242456524115,-0.8817118965126971,-1.1279592530519182,-1.1589825420647335,-0.9648446162892255,-0.595005000552596,-0.9142742315038824,0.6314167091613129,0.0
-0.8817118965126971,-1.1279592530519182,-1.1589825420647335,-0.9648446162892255,-0.595005000552596,-0.9142742315038824,0.6314167091613129,0.6314167091613129,6.0
-1.1279592530519182,-1.1589825420647335,-0.9648446162892255,-0.595005000552596,-0.9142742315038824,0.6314167091613129,-0.8784601064534109,0.6314167091613129,5.0
-1.1589825420647335,-0.9648446162892255,-0.595005000552596,-0.9142742315038824,0.6314167091613129,-0.8784601064534109,-1.1257456121171496,0.6314167091613129,4.0
-0.9648446162892255,-0.595005000552596,-0.9142742315038824,0.6314167091613129,-0.8784601064534109,-1.1257456121171496,-1.1605902593859705,0.6314167091613129,3.0
-0.595005000552596,-0.9142742315038824,0.6314167091613129,-0.8784601064534109,-1.1257456121171496,-1.1605902593859705,-0.9508437413258898,0.6314167091613129,2.0
-0.9142742315038824,0.6314167091613129,-0.8784601064534109,-1.1257456121171496,-1.1605902593859705,-0.9508437413258898,-0.6043766191085503,0.6314167091613129,1.0
0.6314167091613129,-0.8784601064534109,-1.1257456121171496,-1.1605902593859705,-0.9508437413258898,-0.6043766191085503,-0.9142742315038824,0.6314167091613129,0.0
-0.8784601064534109,-1.1257456121171496,-1.1605902593859705,-0.9508437413258898,-0.6043766191085503,-0.9142742315038824,0.6314167091613129,-0.8784601064534109,0.0
-1.1257456121171496,-1.1605902593859705,-0.9508437413258898,-0.6043766191085503,-0.9142742315038824,0.6314167091613129,-0.8784601064534109,-1.0856132714475768,3.0
-1.1605902593859705,-0.9508437413258898,-0.6043766191085503,-0.9142742315038824,0.6314167091613129,-0.8784601064534109,-1.1257456121171496,-1.0856132714475768,2.0
-0.9508437413258898,-0.6043766191085503,-0.9142742315038824,0.6314167091613129,-0.8784601064534109,-1.1257456121171496,-1.1605902593859705,-1.084849807694527,6.0
-0.6043766191085503,-0.9142742315038824,0.6314167091613129,-0.8784601064534109,-1.1257456121171496,-1.1605902593859705,-1.0880490843739734,-1.084849807694527,5.0
-0.9142742315038824,0.6314167091613129,-0.8784601064534109,-1.1257456121171496,-1.1605902593859705,-1.0880490843739734,-1.0856132714475768,-1.084849807694527,4.0
0.6314167091613129,-0.8784601064534109,-1.1257456121171496,-1.1605902593859705,-1.0880490843739734,-1.0856132714475768,-1.0901980934566322,-1.084849807694527,3.0
-0.8784601064534109,-1.1257456121171496,-1.1605902593859705,-1.0880490843739734,-1.0856132714475768,-1.0901980934566322,-1.0865706307569565,-1.084849807694527,2.0
-1.1257456121171496,-1.1605902593859705,-1.0880490843739734,-1.0856132714475768,-1.0901980934566322,-1.0865706307569565,-1.0879884920126206,-1.084849807694527,1.0
-1.1605902593859705,-1.0880490843739734,-1.0856132714475768,-1.0901980934566322,-1.0865706307569565,-1.0879884920126206,-1.089681038639752,-1.084849807694527,0.0
-1.0880490843739734,-1.0856132714475768,-1.0901980934566322,-1.0865706307569565,-1.0879884920126206,-1.089681038639752,-1.084849807694527,-1.084849807694527,6.0
-1.0856132714475768,-1.0901980934566322,-1.0865706307569565,-1.0879884920126206,-1.089681038639752,-1.084849807694527,-1.088129874189111,-1.084849807694527,5.0
-1.0901980934566322,-1.0865706307569565,-1.0879884920126206,-1.089681038639752,-1.084849807694527,-1.088129874189111,-1.0849669529264765,-1.084849807694527,4.0
-1.0865706307569565,-1.0879884920126206,-1.089681038639752,-1.084849807694527,-1.088129874189111,-1.0849669529264765,-1.0901980934566322,-1.084849807694527,3.0
-1.0879884920126206,-1.089681038639752,-1.084849807694527,-1.088129874189111,-1.0849669529264765,-1.0901980934566322,-1.0865706307569565,-1.084849807694527,2.0
-1.089681038639752,-1.084849807694527,-1.088129874189111,-1.0849669529264765,-1.0901980934566322,-1.0865706307569565,-1.0879884920126206,-1.084849807694527,1.0
-1.084849807694527,-1.088129874189111,-1.0849669529264765,-1.0901980934566322,-1.0865706307569565,-1.0879884920126206,-1.089681038639752,-1.084849807694527,0.0
-1.088129874189111,-1.0849669529264765,-1.0901980934566322,-1.0865706307569565,-1.0879884920126206,-1.089681038639752,-1.084849807694527,-1.084849807694527,6.0
-1.0849669529264765,-1.0901980934566322,-1.0865706307569565,-1.0879884920126206,-1.089681038639752,-1.084849807694527,-1.088129874189111,-1.084849807694527,5.0
-1.0901980934566322,-1.0865706307569565,-1.0879884920126206,-1.089681038639752,-1.084849807694527,-1.088129874189111,-1.0849669529264765,-1.084849807694527,4.0
-1.0865706307569565,-1.0879884920126206,-1.089681038639752,-1.084849807694527,-1.088129874189111,-1.0849669529264765,-1.0901980934566322,-1.084849807694527,3.0
-1.0879884920126206,-1.089681038639752,-1.084849807694527,-1.088129874189111,-1.0849669529264765,-1.0901980934566322,-1.0865706307569565,-1.084849807694527,2.0
-1.089681038639752,-1.084849807694527,-1.088129874189111,-1.0849669529264765,-1.0901980934566322,-1.0865706307569565,-1.0879884920126206,-1.084849807694527,1.0
-1.084849807694527,-1.088129874189111,-1.0849669529264765,-1.0901980934566322,-1.0865706307569565,-1.0879884920126206,-1.089681038639752,-1.084849807694527,0.0
-1.088129874189111,-1.0849669529264765,-1.0901980934566322,-1.0865706307569565,-1.0879884920126206,-1.089681038639752,-1.084849807694527,-1.084849807694527,6.0
-1.0849669529264765,-1.0901980934566322,-1.0865706307569565,-1.0879884920126206,-1.089681038639752,-1.084849807694527,-1.088129874189111,-1.084849807694527,5.0
-1.0901980934566322,-1.0865706307569565,-1.0879884920126206,-1.089681038639752,-1.084849807694527,-1.088129874189111,-1.0849669529264765,-1.084849807694527,4.0
-1.0865706307569565,-1.0879884920126206,-1.089681038639752,-1.084849807694527,-1.088129874189111,-1.0849669529264765,-1.0901980934566322,-1.084849807694527,3.0
-1.0879884920126206,-1.089681038639752,-1.084849807694527,-1.088129874189111,-1.0849669529264765,-1.0901980934566322,-1.0865706307569565,-1.084849807694527,2.0
-1.089681038639752,-1.084849807694527,-1.088129874189111,-1.0849669529264765,-1.0901980934566322,-1.0865706307569565,-1.0879884920126206,-1.084849807694527,1.0
-1.084849807694527,-1.088129874189111,-1.0849669529264765,-1.0901980934566322,-1.0865706307569565,-1.0879884920126206,-1.089681038639752,-1.084849807694527,0.0
-1.088129874189111,-1.0849669529264765,-1.0901980934566322,-1.0865706307569565,-1.0879884920126206,-1.089681038639752,-1.084849807694527,-1.084849807694527,6.0
-1.0856132714475768,-1.0901980934566322,-1.0865706307569565,-1.0879884920126206,-1.089681038639752,-1.084849807694527,-1.088129874189111,-1.0849669529264765,0.0
-1.0901980934566322,-1.0865706307569565,-1.0879884920126206,-1.089681038639752,-1.084849807694527,-1.088129874189111,-1.0849669529264765,-1.0865706307569565,1.0
-1.0865706307569565,-1.0879884920126206,-1.089681038639752,-1.084849807694527,-1.088129874189111,-1.0849669529264765,-1.0901980934566322,-1.0865706307569565,0.0
-1.0879884920126206,-1.089681038639752,-1.084849807694527,-1.088129874189111,-1.0849669529264765,-1.0901980934566322,-1.0865706307569565,-1.0879884920126206,0.0
-1.089681038639752,-1.084849807694527,-1.088129874189111,-1.0849669529264765,-1.0901980934566322,-1.0865706307569565,-1.0879884920126206,-0.02905618755110236,6.0
-1.084849807694527,-1.088129874189111,-1.0849669529264765,-1.0901980934566322,-1.0865706307569565,-1.0879884920126206,-1.2717085711261427,0.8614091548948613,6.0
-1.088129874189111,-1.0849669529264765,-1.0901980934566322,-1.0865706307569565,-1.0879884920126206,-1.2717085711261427,-1.2559303202297811,0.8614091548948613,5.0
-1.0849669529264765,-1.0901980934566322,-1.0865706307569565,-1.0879884920126206,-1.2717085711261427,-1.2559303202297811,-1.2343594395880582,0.8614091548948613,4.0
-1.0901980934566322,-1.0865706307569565,-1.0879884920126206,-1.2717085711261427,-1.2559303202297811,-1.2343594395880582,-1.2571421674568444,0.8614091548948613,3.0
-1.0865706307569565,-1.0879884920126206,-1.2717085711261427,-1.2559303202297811,-1.2343594395880582,-1.2571421674568444,-1.2406610451687863,0.8614091548948613,2.0
-1.0879884920126206,-1.2717085711261427,-1.2559303202297811,-1.2343594395880582,-1.2571421674568444,-1.2406610451687863,-1.2634437730375725,0.8614091548948613,1.0
-1.2717085711261427,-1.2559303202297811,-1.2343594395880582,-1.2571421674568444,-1.2406610451687863,-1.2634437730375725,-0.02905618755110236,0.8614091548948613,0.0
-1.2559303202297811,-1.2343594395880582,-1.2571421674568444,-1.2406610451687863,-1.2634437730375725,-0.02905618755110236,0.8614091548948613,0.25766686637202646,4.0
-1.2343594395880582,-1.2571421674568444,-1.2406610451687863,-1.2634437730375725,-0.02905618755110236,0.8614091548948613,-0.7033279846890091,0.25766686637202646,3.0
-1.2571421674568444,-1.2406610451687863,-1.2634437730375725,-0.02905618755110236,0.8614091548948613,-0.7033279846890091,-0.7469544848632806,0.25766686637202646,2.0
-1.2406610451687863,-1.2634437730375725,-0.02905618755110236,0.8614091548948613,-0.7033279846890091,-0.7469544848632806,-0.947878755110342,0.25766686637202646,1.0
-1.2634437730375725,-0.02905618755110236,0.8614091548948613,-0.7033279846890091,-0.7469544848632806,-0.947878755110342,-0.8419633074650273,0.25766686637202646,0.0
-0.02905618755110236,0.8614091548948613,-0.7033279846890091,-0.7469544848632806,-0.947878755110342,-0.8419633074650273,0.25766686637202646,-0.08358931276894162,6.0
0.8614091548948613,-0.7033279846890091,-0.7469544848632806,-0.947878755110342,-0.8419633074650273,0.25766686637202646,-0.9561193162543711,-0.08358931276894162,5.0
-0.7033279846890091,-0.7469544848632806,-0.947878755110342,-0.8419633074650273,0.25766686637202646,-0.9561193162543711,-1.0677142879038548,-0.08358931276894162,4.0
-0.7469544848632806,-0.947878755110342,-0.8419633074650273,0.25766686637202646,-0.9561193162543711,-1.0677142879038548,-1.0797842862854032,-0.08358931276894162,3.0
-0.947878755110342,-0.8419633074650273,0.25766686637202646,-0.9561193162543711,-1.0677142879038548,-1.0797842862854032,-1.1022680918381806,-0.08358931276894162,2.0
-0.8419633074650273,0.25766686637202646,-0.9561193162543711,-1.0677142879038548,-1.0797842862854032,-1.1022680918381806,-0.8262092935132073,-0.08358931276894162,1.0
0.25766686637202646,-0.9561193162543711,-1.0677142879038548,-1.0797842862854032,-1.1022680918381806,-0.8262092935132073,-0.9432737356475022,-0.08358931276894162,0.0
-0.9561193162543711,-1.0677142879038548,-1.0797842862854032,-1.1022680918381806,-0.8262092935132073,-0.9432737356475022,-0.08358931276894162,-0.20428929658442602,6.0
-1.0677142879038548,-1.0797842862854032,-1.1022680918381806,-0.8262092935132073,-0.9432737356475022,-0.08358931276894162,-0.9200062688878908,-0.20428929658442602,5.0
-1.0797842862854032,-1.1022680918381806,-0.8262092935132073,-0.9432737356475022,-0.08358931276894162,-0.9200062688878908,-1.0205895887341279,-0.20428929658442602,4.0
-1.1022680918381806,-0.8262092935132073,-0.9432737356475022,-0.08358931276894162,-0.9200062688878908,-1.0205895887341279,-1.0242251304153172,-0.20428929658442602,3.0
-0.8262092935132073,-0.9432737356475022,-0.08358931276894162,-0.9200062688878908,-1.0205895887341279,-1.0242251304153172,-0.9789020441231573,-0.20428929658442602,2.0
-0.9432737356475022,-0.08358931276894162,-0.9200062688878908,-1.0205895887341279,-1.0242251304153172,-0.9789020441231573,-1.1461369614578647,-0.20428929658442602,1.0
-0.08358931276894162,-0.9200062688878908,-1.0205895887341279,-1.0242251304153172,-0.9789020441231573,-1.1461369614578647,-0.7874301822471881,-0.20428929658442602,0.0
-0.9200062688878908,-1.0205895887341279,-1.0242251304153172,-0.9789020441231573,-1.1461369614578647,-0.7874301822471881,-0.20428929658442602,-0.07898429330610182,6.0
-1.0205895887341279,-1.0242251304153172,-0.9789020441231573,-1.1461369614578647,-0.7874301822471881,-0.20428929658442602,-1.0591263305547345,-0.07898429330610182,5.0
-1.0242251304153172,-0.9789020441231573,-1.1461369614578647,-0.7874301822471881,-0.20428929658442602,-1.0591263305547345,-1.0373130804675985,-0.07898429330610182,4.0
-0.9789020441231573,-1.1461369614578647,-0.7874301822471881,-0.20428929658442602,-1.0591263305547345,-1.0373130804675985,-1.0474925971749285,-0.07898429330610182,3.0
-1.1461369614578647,-0.7874301822471881,-0.20428929658442602,-1.0591263305547345,-1.0373130804675985,-1.0474925971749285,-1.0562178972097829,-0.07898429330610182,2.0
-0.7874301822471881,-0.20428929658442602,-1.0591263305547345,-1.0373130804675985,-1.0474925971749285,-1.0562178972097829,-0.8116671267884501,-0.07898429330610182,1.0
-0.04020518204008269,-1.0232556526336667,-0.8414785685742022,-1.2055174755839564,-1.4767288850006774,-1.4268007792456778,-1.390445362433785,-0.7697372127320669,6.0
-1.0232556526336667,-0.8414785685742022,-1.2055174755839564,-1.4767288850006774,-1.4268007792456778,-1.390445362433785,-1.4086230708397314,-0.05402024042860209,6.0
-0.8414785685742022,-1.2055174755839564,-1.4767288850006774,-1.4268007792456778,-1.390445362433785,-1.4086230708397314,-1.3928690568879112,-0.05402024042860209,5.0
-1.2055174755839564,-1.4767288850006774,-1.4268007792456778,-1.390445362433785,-1.4086230708397314,-1.3928690568879112,-1.4103196569576197,-0.05402024042860209,4.0
-1.4767288850006774,-1.4268007792456778,-1.390445362433785,-1.4086230708397314,-1.3928690568879112,-1.4103196569576197,-1.3943232735603868,-0.05402024042860209,3.0
-1.4268007792456778,-1.390445362433785,-1.4086230708397314,-1.3928690568879112,-1.4103196569576197,-1.3943232735603868,-1.145167483676214,-0.05402024042860209,2.0
-1.390445362433785,-1.4086230708397314,-1.3928690568879112,-1.4103196569576197,-1.3943232735603868,-1.145167483676214,-0.9100691216259734,-0.05402024042860209,1.0
-1.4086230708397314,-1.3928690568879112,-1.4103196569576197,-1.3943232735603868,-1.145167483676214,-0.9100691216259734,-0.7697372127320669,-0.05402024042860209,0.0
-1.3928690568879112,-1.4103196569576197,-1.3943232735603868,-1.145167483676214,-0.9100691216259734,-0.7697372127320669,-0.05402024042860209,-0.8984353882461678,0.0
-1.4103196569576197,-1.3943232735603868,-1.145167483676214,-0.9100691216259734,-0.7697372127320669,-0.05402024042860209,-0.8984353882461678,-0.5516047118607095,6.0
-1.3943232735603868,-1.145167483676214,-0.9100691216259734,-0.7697372127320669,-0.05402024042860209,-0.8984353882461678,-1.2212714895357766,-0.5516047118607095,5.0
-1.145167483676214,-0.9100691216259734,-0.7697372127320669,-0.05402024042860209,-0.8984353882461678,-1.2212714895357766,-1.4561274821406047,-0.5516047118607095,4.0
-0.9100691216259734,-0.7697372127320669,-0.05402024042860209,-0.8984353882461678,-1.2212714895357766,-1.4561274821406047,-1.4498258765598766,-0.5516047118607095,3.0
-0.7697372127320669,-0.05402024042860209,-0.8984353882461678,-1.2212714895357766,-1.4561274821406047,-1.4498258765598766,-1.4888473572713083,0.12193997694095954,6.0
-0.05402024042860209,-0.8984353882461678,-1.2212714895357766,-1.4561274821406047,-1.4498258765598766,-1.4888473572713083,-1.467518846074998,0.12193997694095954,5.0
-0.8984353882461678,-1.2212714895357766,-1.4561274821406047,-1.4498258765598766,-1.4888473572713083,-1.467518846074998,-1.0368283415767734,0.12193997694095954,4.0
-1.2212714895357766,-1.4561274821406047,-1.4498258765598766,-1.4888473572713083,-1.467518846074998,-1.0368283415767734,-0.5516047118607095,0.12193997694095954,3.0
-1.4561274821406047,-1.4498258765598766,-1.4888473572713083,-1.467518846074998,-1.0368283415767734,-0.5516047118607095,-1.001927141437356,0.12193997694095954,2.0
-1.4498258765598766,-1.4888473572713083,-1.467518846074998,-1.0368283415767734,-0.5516047118607095,-1.001927141437356,-1.0317385832231083,0.12193997694095954,1.0
-1.4888473572713083,-1.467518846074998,-1.0368283415767734,-0.5516047118607095,-1.001927141437356,-1.0317385832231083,-1.113417086327161,0.12193997694095954,0.0
-1.467518846074998,-1.0368283415767734,-0.5516047118607095,-1.001927141437356,-1.0317385832231083,-1.113417086327161,0.12193997694095954,-0.46532118929381716,1.0
-1.0368283415767734,-0.5516047118607095,-1.001927141437356,-1.0317385832231083,-1.113417086327161,0.12193997694095954,-0.9355179133942986,-0.46532118929381716,0.0
-0.5516047118607095,-1.001927141437356,-1.0317385832231083,-1.113417086327161,0.12193997694095954,-0.9355179133942986,-0.46532118929381716,1.4586074683915555,6.0
-1.001927141437356,-1.0317385832231083,-1.113417086327161,0.12193997694095954,-0.9355179133942986,-0.46532118929381716,-0.47622781433738476,1.4586074683915555,5.0
-0.7416223570642031,-0.7045398319160723,0.49300759786767995,0.2014371550362989,-0.43623685584430283,-0.4352673780626521,-0.39382220289709424,1.3648104930168716,2.0
-0.7045398319160723,0.49300759786767995,0.2014371550362989,-0.43623685584430283,-0.4352673780626521,-0.39382220289709424,-0.30656920254855125,1.3648104930168716,1.0
0.49300759786767995,0.2014371550362989,-0.43623685584430283,-0.4352673780626521,-0.39382220289709424,-0.30656920254855125,-0.13666822131430534,1.3648104930168716,0.0
0.2014371550362989,-0.43623685584430283,-0.4352673780626521,-0.39382220289709424,-0.30656920254855125,-0.13666822131430534,1.3648104930168716,1.34711752350175,6.0
-0.43623685584430283,-0.4352673780626521,-0.39382220289709424,-0.30656920254855125,-0.13666822131430534,1.3648104930168716,0.22373514401425956,1.34711752350175,5.0
-0.4352673780626521,-0.39382220289709424,-0.30656920254855125,-0.13666822131430534,1.3648104930168716,0.22373514401425956,0.18616787997530357,1.34711752350175,4.0
-0.39382220289709424,-0.30656920254855125,-0.13666822131430534,1.3648104930168716,0.22373514401425956,0.18616787997530357,0.0625594628148677,1.34711752350175,3.0
-0.30656920254855125,-0.13666822131430534,1.3648104930168716,0.22373514401425956,0.18616787997530357,0.0625594628148677,-0.05111180708365062,1.34711752350175,2.0
-0.13666822131430534,1.3648104930168716,0.22373514401425956,0.18616787997530357,0.0625594628148677,-0.05111180708365062,0.007299229260790482,1.34711752350175,1.0
1.3648104930168716,0.22373514401425956,0.18616787997530357,0.0625594628148677,-0.05111180708365062,0.007299229260790482,-0.0309951431144031,1.34711752350175,0.0
0.22373514401425956,0.18616787997530357,0.0625594628148677,-0.05111180708365062,0.007299229260790482,-0.0309951431144031,1.34711752350175,0.9753227942387923,0.0
0.18616787997530357,0.0625594628148677,-0.05111180708365062,0.007299229260790482,-0.0309951431144031,1.34711752350175,0.9753227942387923,0.48864494785025253,0.0
0.0625594628148677,-0.05111180708365062,0.007299229260790482,-0.0309951431144031,1.34711752350175,0.9753227942387923,0.48864494785025253,0.2911138498389678,1.0
-0.05111180708365062,0.007299229260790482,-0.0309951431144031,1.34711752350175,0.9753227942387923,0.48864494785025253,0.19368133278309485,0.2911138498389678,0.0
0.007299229260790482,-0.0309951431144031,1.34711752350175,0.9753227942387923,0.48864494785025253,0.19368133278309485,0.2911138498389678,0.7421633877518524,6.0
-0.0309951431144031,1.34711752350175,0.9753227942387923,0.48864494785025253,0.19368133278309485,0.2911138498389678,-0.41587782242964255,0.8337790381178225,6.0
1.34711752350175,0.9753227942387923,0.48864494785025253,0.19368133278309485,0.2911138498389678,-0.41587782242964255,-0.4907699810621421,1.3228805789604885,6.0
0.9753227942387923,0.48864494785025253,0.19368133278309485,0.2911138498389678,-0.41587782242964255,-0.4907699810621421,-0.464109342066754,1.3228805789604885,5.0
0.48864494785025253,0.19368133278309485,0.2911138498389678,-0.41587782242964255,-0.4907699810621421,-0.464109342066754,-0.42726918636403566,1.3228805789604885,4.0
0.19368133278309485,0.2911138498389678,-0.41587782242964255,-0.4907699810621421,-0.464109342066754,-0.42726918636403566,0.035656454374067226,1.3228805789604885,3.0
0.2911138498389678,-0.41587782242964255,-0.4907699810621421,-0.464109342066754,-0.42726918636403566,0.035656454374067226,0.19125763832896892,1.3228805789604885,2.0
-0.41587782242964255,-0.4907699810621421,-0.464109342066754,-0.42726918636403566,0.035656454374067226,0.19125763832896892,0.7421633877518524,1.3228805789604885,1.0
-0.4907699810621421,-0.464109342066754,-0.42726918636403566,0.035656454374067226,0.19125763832896892,0.7421633877518524,0.8337790381178225,2.2084985324981994,6.0
-0.464109342066754,-0.42726918636403566,0.035656454374067226,0.19125763832896892,0.7421633877518524,0.8337790381178225,1.3228805789604885,2.2084985324981994,5.0
-0.42726918636403566,0.035656454374067226,0.19125763832896892,0.7421633877518524,0.8337790381178225,1.3228805789604885,0.953024805260831,2.2084985324981994,4.0
0.035656454374067226,0.19125763832896892,0.7421633877518524,0.8337790381178225,1.3228805789604885,0.953024805260831,1.0688774001680634,2.2084985324981994,3.0
0.19125763832896892,0.7421633877518524,0.8337790381178225,1.3228805789604885,0.953024805260831,1.0688774001680634,0.4593182449553258,2.2084985324981994,2.0
0.7421633877518524,0.8337790381178225,1.3228805789604885,0.953024805260831,1.0688774001680634,0.4593182449553258,0.5266969507800338,2.2084985324981994,1.0
0.8337790381178225,1.3228805789604885,0.953024805260831,1.0688774001680634,0.4593182449553258,0.5266969507800338,0.5805029676616353,2.2084985324981994,0.0
1.3228805789604885,0.953024805260831,1.0688774001680634,0.4593182449553258,0.5266969507800338,0.5805029676616353,2.2084985324981994,1.147405100481752,1.0
0.953024805260831,1.0688774001680634,0.4593182449553258,0.5266969507800338,0.5805029676616353,2.2084985324981994,0.6900539569881394,1.147405100481752,0.0
1.0688774001680634,0.4593182449553258,0.5266969507800338,0.5805029676616353,2.2084985324981994,0.6900539569881394,1.147405100481752,1.5364080603690058,6.0
0.4593182449553258,0.5266969507800338,0.5805029676616353,2.2084985324981994,0.6900539569881394,1.147405100481752,1.023796683321316,1.5364080603690058,5.0
0.5266969507800338,0.5805029676616353,2.2084985324981994,0.6900539569881394,1.147405100481752,1.023796683321316,0.5511762647667087,1.5364080603690058,4.0
0.5805029676616353,2.2084985324981994,0.6900539569881394,1.147405100481752,1.023796683321316,0.5511762647667087,0.24579076354680818,1.5364080603690058,3.0
2.2084985324981994,0.6900539569881394,1.147405100481752,1.023796683321316,0.5511762647667087,0.24579076354680818,0.297415455419696,1.5364080603690058,2.0
0.6900539569881394,1.147405100481752,1.023796683321316,0.5511762647667087,0.24579076354680818,0.297415455419696,1.0870551085740099,2.1207607932588313,6.0
1.147405100481752,1.023796683321316,0.5511762647667087,0.24579076354680818,0.297415455419696,1.0870551085740099,0.22397751345967232,2.1207607932588313,5.0
1.023796683321316,0.5511762647667087,0.24579076354680818,0.297415455419696,1.0870551085740099,0.22397751345967232,1.5364080603690058,2.1207607932588313,4.0
0.5511762647667087,0.24579076354680818,0.297415455419696,1.0870551085740099,0.22397751345967232,1.5364080603690058,0.4658622199814663,2.1207607932588313,3.0
0.24579076354680818,0.297415455419696,1.0870551085740099,0.22397751345967232,1.5364080603690058,0.4658622199814663,0.7884559518256629,2.1207607932588313,2.0
0.297415455419696,1.0870551085740099,0.22397751345967232,1.5364080603690058,0.4658622199814663,0.7884559518256629,1.2904030732751972,2.1207607932588313,1.0
1.0870551085740099,0.22397751345967232,1.5364080603690058,0.4658622199814663,0.7884559518256629,1.2904030732751972,1.2533205481270668,2.1207607932588313,0.0
0.22397751345967232,1.5364080603690058,0.4658622199814663,0.7884559518256629,1.2904030732751972,1.2533205481270668,2.1207607932588313,0.5104581979373883,5.0
1.5364080603690058,0.4658622199814663,0.7884559518256629,1.2904030732751972,1.2533205481270668,2.1207607932588313,0.20967771618032774,0.5104581979373883,4.0
0.4658622199814663,0.7884559518256629,1.2904030732751972,1.2533205481270668,2.1207607932588313,0.20967771618032774,0.10521648520748902,0.5104581979373883,3.0
0.7884559518256629,1.2904030732751972,1.2533205481270668,2.1207607932588313,0.20967771618032774,0.10521648520748902,-0.06904714604418427,0.5104581979373883,2.0
1.2904030732751972,1.2533205481270668,2.1207607932588313,0.20967771618032774,0.10521648520748902,-0.06904714604418427,-0.03341883756852938,0.5104581979373883,1.0
1.2533205481270668,2.1207607932588313,0.20967771618032774,0.10521648520748902,-0.06904714604418427,-0.03341883756852938,0.5058531784745486,0.5104581979373883,0.0
2.1207607932588313,0.20967771618032774,0.10521648520748902,-0.06904714604418427,-0.03341883756852938,0.5058531784745486,0.5104581979373883,0.2523347385729487,0.0
0.20967771618032774,0.10521648520748902,-0.06904714604418427,-0.03341883756852938,0.5058531784745486,0.5104581979373883,0.2523347385729487,0.5935909177139168,6.0
0.10521648520748902,-0.06904714604418427,-0.03341883756852938,0.5058531784745486,0.5104581979373883,0.2523347385729487,-0.017422454171296477,0.9893802220727238,6.0
-0.06904714604418427,-0.03341883756852938,0.5058531784745486,0.5104581979373883,0.2523347385729487,-0.017422454171296477,0.014327943177756566,2.0448991568446813,6.0
-0.03341883756852938,0.5058531784745486,0.5104581979373883,0.2523347385729487,-0.017422454171296477,0.014327943177756566,0.027173523784625588,2.0448991568446813,5.0
0.5058531784745486,0.5104581979373883,0.2523347385729487,-0.017422454171296477,0.014327943177756566,0.027173523784625588,-0.014514020826345007,2.0448991568446813,4.0
0.5104581979373883,0.2523347385729487,-0.017422454171296477,0.014327943177756566,0.027173523784625588,-0.014514020826345007,-0.24403788563209552,2.0448991568446813,3.0
0.2523347385729487,-0.017422454171296477,0.014327943177756566,0.027173523784625588,-0.014514020826345007,-0.24403788563209552,0.2428823302018567,2.0448991568446813,2.0
-0.017422454171296477,0.014327943177756566,0.027173523784625588,-0.014514020826345007,-0.24403788563209552,0.2428823302018567,0.5935909177139168,2.0448991568446813,1.0
0.014327943177756566,0.027173523784625588,-0.014514020826345007,-0.24403788563209552,0.2428823302018567,0.5935909177139168,0.9893802220727238,2.0448991568446813,0.0
0.027173523784625588,-0.014514020826345007,-0.24403788563209552,0.2428823302018567,0.5935909177139168,0.9893802220727238,2.0448991568446813,1.6001512245125247,6.0
-0.014514020826345007,-0.24403788563209552,0.2428823302018567,0.5935909177139168,0.9893802220727238,2.0448991568446813,1.4525482322562397,1.6001512245125247,5.0
-0.24403788563209552,0.2428823302018567,0.5935909177139168,0.9893802220727238,2.0448991568446813,1.4525482322562397,1.3805645069686918,1.6001512245125247,4.0
0.2428823302018567,0.5935909177139168,0.9893802220727238,2.0448991568446813,1.4525482322562397,1.3805645069686918,0.5300901230158107,1.6001512245125247,3.0
0.5935909177139168,0.9893802220727238,2.0448991568446813,1.4525482322562397,1.3805645069686918,0.5300901230158107,0.46198430885486447,1.6001512245125247,2.0
0.9893802220727238,2.0448991568446813,1.4525482322562397,1.3805645069686918,0.5300901230158107,0.46198430885486447,0.5344527730332378,1.6001512245125247,1.0
2.0448991568446813,1.4525482322562397,1.3805645069686918,0.5300901230158107,0.46198430885486447,0.5344527730332378,0.4423523837764425,1.6001512245125247,0.0
1.4525482322562397,1.3805645069686918,0.5300901230158107,0.46198430885486447,0.5344527730332378,0.4423523837764425,1.6001512245125247,2.1428164127913796,6.0
1.3805645069686918,0.5300901230158107,0.46198430885486447,0.5344527730332378,0.4423523837764425,1.6001512245125247,0.6314005511982855,2.1428164127913796,5.0
0.5300901230158107,0.46198430885486447,0.5344527730332378,0.4423523837764425,1.6001512245125247,0.6314005511982855,0.2479720885555217,2.1428164127913796,4.0
0.46198430885486447,0.5344527730332378,0.4423523837764425,1.6001512245125247,0.6314005511982855,0.2479720885555217,0.7884559518256629,2.1428164127913796,3.0
0.5344527730332378,0.4423523837764425,1.6001512245125247,0.6314005511982855,0.2479720885555217,0.7884559518256629,0.7581597711490853,2.1428164127913796,2.0
0.4423523837764425,1.6001512245125247,0.6314005511982855,0.2479720885555217,0.7884559518256629,0.7581597711490853,0.5329985563607619,2.1428164127913796,1.0
1.6001512245125247,0.6314005511982855,0.2479720885555217,0.7884559518256629,0.7581597711490853,0.5329985563607619,0.8182673936114151,2.1428164127913796,0.0
0.6314005511982855,0.2479720885555217,0.7884559518256629,0.7581597711490853,0.5329985563607619,0.8182673936114151,2.1428164127913796,2.354404938636596,6.0
0.2479720885555217,0.7884559518256629,0.7581597711490853,0.5329985563607619,0.8182673936114151,2.1428164127913796,0.7581597711490853,2.354404938636596,5.0
0.7884559518256629,0.7581597711490853,0.5329985563607619,0.8182673936114151,2.1428164127913796,0.7581597711490853,0.8502601604058806,2.354404938636596,4.0
0.7581597711490853,0.5329985563607619,0.8182673936114151,2.1428164127913796,0.7581597711490853,0.8502601604058806,1.0926296058185,2.354404938636596,3.0
0.5329985563607619,0.8182673936114151,2.1428164127913796,0.7581597711490853,0.8502601604058806,1.0926296058185,0.941148702435613,2.354404938636596,2.0
0.8182673936114151,2.1428164127913796,0.7581597711490853,0.8502601604058806,1.0926296058185,0.941148702435613,0.993258133199326,2.354404938636596,1.0
2.1428164127913796,0.7581597711490853,0.8502601604058806,1.0926296058185,0.941148702435613,0.993258133199326,1.169703089459713,2.354404938636596,0.0
0.7581597711490853,0.8502601604058806,1.0926296058185,0.941148702435613,0.993258133199326,1.169703089459713,2.354404938636596,1.7639929696114551,0.0
0.8502601604058806,1.0926296058185,0.941148702435613,0.993258133199326,1.169703089459713,2.354404938636596,1.7639929696114551,0.7928186018430898,0.0
1.0926296058185,0.941148702435613,0.993258133199326,1.169703089459713,2.354404938636596,1.7639929696114551,0.7928186018430898,1.5475570548579862,6.0
0.941148702435613,0.993258133199326,1.169703089459713,2.354404938636596,1.7639929696114551,0.7928186018430898,0.7019300598133578,1.5475570548579862,5.0
0.993258133199326,1.169703089459713,2.354404938636596,1.7639929696114551,0.7928186018430898,0.7019300598133578,0.42263562939212573,1.5475570548579862,4.0
1.169703089459713,2.354404938636596,1.7639929696114551,0.7928186018430898,0.7019300598133578,0.42263562939212573,0.34177310342096234,1.5475570548579862,3.0
2.354404938636596,1.7639929696114551,0.7928186018430898,0.7019300598133578,0.42263562939212573,0.34177310342096234,0.21307088841610441,1.5475570548579862,2.0
1.7639929696114551,0.7928186018430898,0.7019300598133578,0.42263562939212573,0.34177310342096234,0.21307088841610441,0.1917423772197941,1.5475570548579862,1.0
0.7928186018430898,0.7019300598133578,0.42263562939212573,0.34177310342096234,0.21307088841610441,0.1917423772197941,0.7465260377692798,1.5475570548579862,0.0
0.7019300598133578,0.42263562939212573,0.34177310342096234,0.21307088841610441,0.1917423772197941,0.7465260377692798,1.5475570548579862,1.3878355903310706,4.0
0.42263562939212573,0.34177310342096234,0.21307088841610441,0.1917423772197941,0.7465260377692798,1.5475570548579862,0.05674259612496512,1.3878355903310706,3.0
0.34177310342096234,0.21307088841610441,0.1917423772197941,0.7465260377692798,1.5475570548579862,0.05674259612496512,0.18907631332025504,1.3878355903310706,2.0
0.21307088841610441,0.1917423772197941,0.7465260377692798,1.5475570548579862,0.05674259612496512,0.18907631332025504,0.3466164528384578,1.3878355903310706,1.0
0.1917423772197941,0.7465260377692798,1.5475570548579862,0.05674259612496512,0.18907631332025504,0.3466164528384578,0.01844822374977118,1.3878355903310706,0.0
0.7465260377692798,1.5475570548579862,0.05674259612496512,0.18907631332025504,0.3466164528384578,0.01844822374977118,1.3878355903310706,1.4564261433828414,6.0
1.5475570548579862,0.05674259612496512,0.18907631332025504,0.3466164528384578,0.01844822374977118,1.3878355903310706,-0.07704533774280073,1.4564261433828414,5.0
0.05674259612496512,0.18907631332025504,0.3466164528384578,0.01844822374977118,1.3878355903310706,-0.07704533774280073,-0.45562641147731237,1.4564261433828414,4.0
0.18907631332025504,0.3466164528384578,0.01844822374977118,1.3878355903310706,-0.07704533774280073,-0.45562641147731237,0.11781969636894492,1.4564261433828414,3.0
0.3466164528384578,0.01844822374977118,1.3878355903310706,-0.07704533774280073,-0.45562641147731237,0.11781969636894492,0.6086178233294993,1.4564261433828414,2.0
0.01844822374977118,1.3878355903310706,-0.07704533774280073,-0.45562641147731237,0.11781969636894492,0.6086178233294993,0.5448746591859804,1.4564261433828414,1.0
1.3878355903310706,-0.07704533774280073,-0.45562641147731237,0.11781969636894492,0.6086178233294993,0.5448746591859804,0.36043151122697686,1.4564261433828414,0.0
-0.07704533774280073,-0.45562641147731237,0.11781969636894492,0.6086178233294993,0.5448746591859804,0.36043151122697686,1.4564261433828414,1.7821706780174016,6.0
-0.45562641147731237,0.11781969636894492,0.6086178233294993,0.5448746591859804,0.36043151122697686,1.4564261433828414,1.0431862389543254,1.7821706780174016,5.0
0.11781969636894492,0.6086178233294993,0.5448746591859804,0.36043151122697686,1.4564261433828414,1.0431862389543254,0.5960146121680431,1.7821706780174016,4.0
0.6086178233294993,0.5448746591859804,0.36043151122697686,1.4564261433828414,1.0431862389543254,0.5960146121680431,0.03008195712957706,1.7821706780174016,3.0
0.5448746591859804,0.36043151122697686,1.4564261433828414,1.0431862389543254,0.5960146121680431,0.03008195712957706,-0.017180084725884063,1.7821706780174016,2.0
0.36043151122697686,1.4564261433828414,1.0431862389543254,0.5960146121680431,0.03008195712957706,-0.017180084725884063,-0.0634726487996941,1.7821706780174016,1.0
1.4564261433828414,1.0431862389543254,0.5960146121680431,0.03008195712957706,-0.017180084725884063,-0.0634726487996941,-0.0028802874465394847,1.7821706780174016,0.0
1.0431862389543254,0.5960146121680431,0.03008195712957706,-0.017180084725884063,-0.0634726487996941,-0.0028802874465394847,1.7821706780174016,1.6825568359528156,4.0
0.5960146121680431,0.03008195712957706,-0.017180084725884063,-0.0634726487996941,-0.0028802874465394847,1.7821706780174016,1.0056189749153694,1.6825568359528156,3.0
0.03008195712957706,-0.017180084725884063,-0.0634726487996941,-0.0028802874465394847,1.7821706780174016,1.0056189749153694,0.9304844468374576,1.6825568359528156,2.0
-0.017180084725884063,-0.0634726487996941,-0.0028802874465394847,1.7821706780174016,1.0056189749153694,0.9304844468374576,0.5906824843689653,1.6825568359528156,1.0
-0.0634726487996941,-0.0028802874465394847,1.7821706780174016,1.0056189749153694,0.9304844468374576,0.5906824843689653,0.5373612063781892,1.6825568359528156,0.0
-0.0028802874465394847,1.7821706780174016,1.0056189749153694,0.9304844468374576,0.5906824843689653,0.5373612063781892,1.6825568359528156,0.5208800840901311,5.0
1.7821706780174016,1.0056189749153694,0.9304844468374576,0.5906824843689653,0.5373612063781892,1.6825568359528156,0.37376183072467106,0.5208800840901311,4.0
1.0056189749153694,0.9304844468374576,0.5906824843689653,0.5373612063781892,1.6825568359528156,0.37376183072467106,0.3483130389563462,1.0582131445699081,6.0
0.9304844468374576,0.5906824843689653,0.5373612063781892,1.6825568359528156,0.37376183072467106,0.3483130389563462,0.3924242780214427,1.0582131445699081,5.0
0.5906824843689653,0.5373612063781892,1.6825568359528156,0.37376183072467106,0.3483130389563462,0.3924242780214427,-0.20622825214772678,1.0582131445699081,4.0
0.5373612063781892,1.6825568359528156,0.37376183072467106,0.3483130389563462,0.3924242780214427,-0.20622825214772678,-0.21761961608212024,1.0582131445699081,3.0
1.6825568359528156,0.37376183072467106,0.3483130389563462,0.3924242780214427,-0.20622825214772678,-0.21761961608212024,0.5208800840901311,1.0582131445699081,2.0
0.37376183072467106,0.3483130389563462,0.3924242780214427,-0.20622825214772678,-0.21761961608212024,0.5208800840901311,0.3841837168774138,1.0582131445699081,1.0
0.3483130389563462,0.3924242780214427,-0.20622825214772678,-0.21761961608212024,0.5208800840901311,0.3841837168774138,-0.0036073957827770834,1.0582131445699081,0.0
0.3924242780214427,-0.20622825214772678,-0.21761961608212024,0.5208800840901311,0.3841837168774138,-0.0036073957827770834,1.0582131445699081,0.8548651798687203,6.0
-0.20622825214772678,-0.21761961608212024,0.5208800840901311,0.3841837168774138,-0.0036073957827770834,1.0582131445699081,-0.22755676334403743,0.8548651798687203,5.0
-0.21761961608212024,0.5208800840901311,0.3841837168774138,-0.0036073957827770834,1.0582131445699081,-0.22755676334403743,-0.5310033090006367,0.8548651798687203,4.0
0.5208800840901311,0.3841837168774138,-0.0036073957827770834,1.0582131445699081,-0.22755676334403743,-0.5310033090006367,-0.4415689836433802,0.8548651798687203,3.0
0.3841837168774138,-0.0036073957827770834,1.0582131445699081,-0.22755676334403743,-0.5310033090006367,-0.4415689836433802,-0.36885815001959454,0.8548651798687203,2.0
-0.0036073957827770834,1.0582131445699081,-0.22755676334403743,-0.5310033090006367,-0.4415689836433802,-0.36885815001959454,-0.5431217812712679,0.8548651798687203,1.0
1.0582131445699081,-0.22755676334403743,-0.5310033090006367,-0.4415689836433802,-0.36885815001959454,-0.5431217812712679,-0.7081753735972616,0.8548651798687203,0.0
-0.22755676334403743,-0.5310033090006367,-0.4415689836433802,-0.36885815001959454,-0.5431217812712679,-0.7081753735972616,0.8548651798687203,0.23730783295736618,4.0
-0.5310033090006367,-0.4415689836433802,-0.36885815001959454,-0.5431217812712679,-0.7081753735972616,0.8548651798687203,-0.6822418429381114,0.23730783295736618,3.0
-0.4415689836433802,-0.36885815001959454,-0.5431217812712679,-0.7081753735972616,0.8548651798687203,-0.6822418429381114,-0.7631932377059262,0.23730783295736618,2.0
-0.36885815001959454,-0.5431217812712679,-0.7081753735972616,0.8548651798687203,-0.6822418429381114,-0.7631932377059262,-0.7959131128366298,0.23730783295736618,1.0
-0.5431217812712679,-0.7081753735972616,0.8548651798687203,-0.6822418429381114,-0.7631932377059262,-0.7959131128366298,-0.8218466434957801,0.23730783295736618,0.0
-0.7081753735972616,0.8548651798687203,-0.6822418429381114,-0.7631932377059262,-0.7959131128366298,-0.8218466434957801,0.23730783295736618,0.24336706909268188,6.0
0.8548651798687203,-0.6822418429381114,-0.7631932377059262,-0.7959131128366298,-0.8218466434957801,0.23730783295736618,-0.8531123019540079,0.24336706909268188,5.0
-0.6822418429381114,-0.7631932377059262,-0.7959131128366298,-0.8218466434957801,0.23730783295736618,-0.8531123019540079,-0.6391000816546649,1.0533657556616554,6.0
-0.7631932377059262,-0.7959131128366298,-0.8218466434957801,0.23730783295736618,-0.8531123019540079,-0.6391000816546649,-0.7173854125229411,1.0533657556616554,5.0
-0.7959131128366298,-0.8218466434957801,0.23730783295736618,-0.8531123019540079,-0.6391000816546649,-0.7173854125229411,-0.7125380236146888,1.0533657556616554,4.0
-0.8218466434957801,0.23730783295736618,-0.8531123019540079,-0.6391000816546649,-0.7173854125229411,-0.7125380236146888,-0.7978520683999306,1.0533657556616554,3.0
0.23730783295736618,-0.8531123019540079,-0.6391000816546649,-0.7173854125229411,-0.7125380236146888,-0.7978520683999306,-0.21786198552753264,1.0533657556616554,2.0
-0.8531123019540079,-0.6391000816546649,-0.7173854125229411,-0.7125380236146888,-0.7978520683999306,-0.21786198552753264,0.24336706909268188,1.0533657556616554,1.0
-0.6391000816546649,-0.7173854125229411,-0.7125380236146888,-0.7978520683999306,-0.21786198552753264,0.24336706909268188,-0.1955639965495716,1.0533657556616554,0.0
-0.7173854125229411,-0.7125380236146888,-0.7978520683999306,-0.21786198552753264,0.24336706909268188,-0.1955639965495716,1.0533657556616554,1.033491461137821,6.0
-0.7125380236146888,-0.7978520683999306,-0.21786198552753264,0.24336706909268188,-0.1955639965495716,1.0533657556616554,-0.10273649895653841,1.033491461137821,5.0
-0.7978520683999306,-0.21786198552753264,0.24336706909268188,-0.1955639965495716,1.0533657556616554,-0.10273649895653841,0.010934770941979909,1.033491461137821,4.0
-0.21786198552753264,0.24336706909268188,-0.1955639965495716,1.0533657556616554,-0.10273649895653841,0.010934770941979909,-0.1846573715060037,1.033491461137821,3.0
0.24336706909268188,-0.1955639965495716,1.0533657556616554,-0.10273649895653841,0.010934770941979909,-0.1846573715060037,-0.5089476894680885,1.033491461137821,2.0
-0.1955639965495716,1.0533657556616554,-0.10273649895653841,0.010934770941979909,-0.1846573715060037,-0.5089476894680885,0.28747830815777875,1.033491461137821,1.0
1.0533657556616554,-0.10273649895653841,0.010934770941979909,-0.1846573715060037,-0.5089476894680885,0.28747830815777875,-0.0818927266510533,1.033491461137821,0.0
-0.10273649895653841,0.010934770941979909,-0.1846573715060037,-0.5089476894680885,0.28747830815777875,-0.0818927266510533,1.033491461137821,0.5838961398974121,6.0
0.010934770941979909,-0.1846573715060037,-0.5089476894680885,0.28747830815777875,-0.0818927266510533,1.033491461137821,-0.44084187530714225,0.5838961398974121,5.0
-0.1846573715060037,-0.5089476894680885,0.28747830815777875,-0.0818927266510533,1.033491461137821,-0.44084187530714225,-0.8056078906531345,0.5838961398974121,4.0
-0.5089476894680885,0.28747830815777875,-0.0818927266510533,1.033491461137821,-0.44084187530714225,-0.8056078906531345,-0.6165597232312915,0.5838961398974121,3.0
0.28747830815777875,-0.0818927266510533,1.033491461137821,-0.44084187530714225,-0.8056078906531345,-0.6165597232312915,-0.3979424834691089,0.5838961398974121,2.0
-0.0818927266510533,1.033491461137821,-0.44084187530714225,-0.8056078906531345,-0.6165597232312915,-0.3979424834691089,-0.42242179745578345,0.5838961398974121,1.0
1.033491461137821,-0.44084187530714225,-0.8056078906531345,-0.6165597232312915,-0.3979424834691089,-0.42242179745578345,-0.803426565644421,0.5838961398974121,0.0
-0.44084187530714225,-0.8056078906531345,-0.6165597232312915,-0.3979424834691089,-0.42242179745578345,-0.803426565644421,0.5838961398974121,-0.252036077330712,6.0
-0.8056078906531345,-0.6165597232312915,-0.3979424834691089,-0.42242179745578345,-0.803426565644421,0.5838961398974121,-0.7675558877233534,-0.252036077330712,5.0
-0.6165597232312915,-0.3979424834691089,-0.42242179745578345,-0.803426565644421,0.5838961398974121,-0.7675558877233534,-0.9483634940011674,-0.252036077330712,4.0
-0.3979424834691089,-0.42242179745578345,-0.803426565644421,0.5838961398974121,-0.7675558877233534,-0.9483634940011674,-0.38945955287966727,-0.252036077330712,3.0
-0.42242179745578345,-0.803426565644421,0.5838961398974121,-0.7675558877233534,-0.9483634940011674,-0.38945955287966727,-0.9437584745383276,-0.252036077330712,2.0
-0.803426565644421,0.5838961398974121,-0.7675558877233534,-0.9483634940011674,-0.38945955287966727,-0.9437584745383276,-0.7547103071164846,0.34685882228387027,6.0
0.5838961398974121,-0.7675558877233534,-0.9483634940011674,-0.38945955287966727,-0.9437584745383276,-0.7547103071164846,-1.0361012332405355,0.34685882228387027,5.0
-0.7675558877233534,-0.9483634940011674,-0.38945955287966727,-0.9437584745383276,-0.7547103071164846,-1.0361012332405355,-0.252036077330712,0.34685882228387027,4.0
-0.9483634940011674,-0.38945955287966727,-0.9437584745383276,-0.7547103071164846,-1.0361012332405355,-0.252036077330712,-0.8208771657141295,0.34685882228387027,3.0
-0.38945955287966727,-0.9437584745383276,-0.7547103071164846,-1.0361012332405355,-0.252036077330712,-0.8208771657141295,-0.6361916483097138,0.34685882228387027,2.0
-0.9437584745383276,-0.7547103071164846,-1.0361012332405355,-0.252036077330712,-0.8208771657141295,-0.6361916483097138,-0.586263542554714,0.34685882228387027,1.0
-0.7547103071164846,-1.0361012332405355,-0.252036077330712,-0.8208771657141295,-0.6361916483097138,-0.586263542554714,-0.8952845854558037,0.34685882228387027,0.0
-1.0361012332405355,-0.252036077330712,-0.8208771657141295,-0.6361916483097138,-0.586263542554714,-0.8952845854558037,0.34685882228387027,0.4905839034135536,6.0
-0.252036077330712,-0.8208771657141295,-0.6361916483097138,-0.586263542554714,-0.8952845854558037,0.34685882228387027,-0.4893157643896662,0.4905839034135536,5.0
-0.8208771657141295,-0.6361916483097138,-0.586263542554714,-0.8952845854558037,0.34685882228387027,-0.4893157643896662,-0.6580048983968493,0.4905839034135536,4.0
-0.6361916483097138,-0.586263542554714,-0.8952845854558037,0.34685882228387027,-0.4893157643896662,-0.6580048983968493,-0.3468025304870463,0.4905839034135536,3.0
-0.586263542554714,-0.8952845854558037,0.34685882228387027,-0.4893157643896662,-0.6580048983968493,-0.3468025304870463,-0.13351741852394108,0.4905839034135536,2.0
-0.8952845854558037,0.34685882228387027,-0.4893157643896662,-0.6580048983968493,-0.3468025304870463,-0.13351741852394108,-0.5564521007689617,0.4905839034135536,1.0
0.34685882228387027,-0.4893157643896662,-0.6580048983968493,-0.3468025304870463,-0.13351741852394108,-0.5564521007689617,-0.6604285928509755,0.4905839034135536,0.0
-0.4893157643896662,-0.6580048983968493,-0.3468025304870463,-0.13351741852394108,-0.5564521007689617,-0.6604285928509755,0.4905839034135536,0.1587801326436779,6.0
-0.6580048983968493,-0.3468025304870463,-0.13351741852394108,-0.5564521007689617,-0.6604285928509755,0.4905839034135536,-0.7988215461815812,0.1587801326436779,5.0
-0.3468025304870463,-0.13351741852394108,-0.5564521007689617,-0.6604285928509755,0.4905839034135536,-0.7988215461815812,-0.8601410158709738,0.6449732401413922,6.0
-0.13351741852394108,-0.5564521007689617,-0.6604285928509755,0.4905839034135536,-0.7988215461815812,-0.8601410158709738,-0.8051231517623093,0.6449732401413922,5.0
-0.5564521007689617,-0.6604285928509755,0.4905839034135536,-0.7988215461815812,-0.8601410158709738,-0.8051231517623093,-1.0254369776423802,0.6449732401413922,4.0
-0.6604285928509755,0.4905839034135536,-0.7988215461815812,-0.8601410158709738,-0.8051231517623093,-1.0254369776423802,-1.1364421836413598,0.6449732401413922,3.0
0.4905839034135536,-0.7988215461815812,-0.8601410158709738,-0.8051231517623093,-1.0254369776423802,-1.1364421836413598,-1.0937851612487388,0.6449732401413922,2.0
-0.7988215461815812,-0.8601410158709738,-0.8051231517623093,-1.0254369776423802,-1.1364421836413598,-1.0937851612487388,0.1587801326436779,0.6449732401413922,1.0
-0.8601410158709738,-0.8051231517623093,-1.0254369776423802,-1.1364421836413598,-1.0937851612487388,0.1587801326436779,-0.09498067670333472,0.6449732401413922,0.0
-0.8051231517623093,-1.0254369776423802,-1.1364421836413598,-1.0937851612487388,0.1587801326436779,-0.09498067670333472,0.6449732401413922,0.3543722750916615,6.0
-1.0254369776423802,-1.1364421836413598,-1.0937851612487388,0.1587801326436779,-0.09498067670333472,0.6449732401413922,-0.7278072986756837,1.0514268000983547,6.0
-1.1364421836413598,-1.0937851612487388,0.1587801326436779,-0.09498067670333472,0.6449732401413922,-0.7278072986756837,-1.0038660970006572,1.0514268000983547,5.0
-1.0937851612487388,0.1587801326436779,-0.09498067670333472,0.6449732401413922,-0.7278072986756837,-1.0038660970006572,-0.9876273441580117,1.0514268000983547,4.0
0.1587801326436779,-0.09498067670333472,0.6449732401413922,-0.7278072986756837,-1.0038660970006572,-0.9876273441580117,-1.026164085978618,1.0514268000983547,3.0
-0.09498067670333472,0.6449732401413922,-0.7278072986756837,-1.0038660970006572,-0.9876273441580117,-1.026164085978618,-0.36425313055675473,1.0514268000983547,2.0
0.6449732401413922,-0.7278072986756837,-1.0038660970006572,-0.9876273441580117,-1.026164085978618,-0.36425313055675473,-0.526398289537797,1.0514268000983547,1.0
-0.7278072986756837,-1.0038660970006572,-0.9876273441580117,-1.026164085978618,-0.36425313055675473,-0.526398289537797,0.3543722750916615,1.0514268000983547,0.0
-1.0038660970006572,-0.9876273441580117,-1.026164085978618,-0.36425313055675473,-0.526398289537797,0.3543722750916615,1.0514268000983547,0.3381335222490158,5.0
-0.9876273441580117,-1.026164085978618,-0.36425313055675473,-0.526398289537797,0.3543722750916615,1.0514268000983547,0.08897773236484334,0.3381335222490158,4.0
-1.026164085978618,-0.36425313055675473,-0.526398289537797,0.3543722750916615,1.0514268000983547,0.08897773236484334,-0.7755540794219699,0.3381335222490158,3.0
-0.36425313055675473,-0.526398289537797,0.3543722750916615,1.0514268000983547,0.08897773236484334,-0.7755540794219699,-0.9978068608653416,0.3381335222490158,2.0
-0.526398289537797,0.3543722750916615,1.0514268000983547,0.08897773236484334,-0.7755540794219699,-0.9978068608653416,-0.7571340015706106,0.3381335222490158,1.0
0.3543722750916615,1.0514268000983547,0.08897773236484334,-0.7755540794219699,-0.9978068608653416,-0.7571340015706106,-0.9328518494947596,0.3381335222490158,0.0
1.0514268000983547,0.08897773236484334,-0.7755540794219699,-0.9978068608653416,-0.7571340015706106,-0.9328518494947596,0.3381335222490158,-0.3584362638668518,4.0
0.08897773236484334,-0.7755540794219699,-0.9978068608653416,-0.7571340015706106,-0.9328518494947596,0.3381335222490158,-0.9301857855952208,-0.3584362638668518,3.0
-0.7755540794219699,-0.9978068608653416,-0.7571340015706106,-0.9328518494947596,0.3381335222490158,-0.9301857855952208,-1.0693058472620645,-0.3584362638668518,2.0
-0.9978068608653416,-0.7571340015706106,-0.9328518494947596,0.3381335222490158,-0.9301857855952208,-1.0693058472620645,-1.1366845530867724,-0.3584362638668518,1.0
-0.7571340015706106,-0.9328518494947596,0.3381335222490158,-0.9301857855952208,-1.0693058472620645,-1.1366845530867724,-1.1073578501918455,-0.3584362638668518,0.0
-0.9328518494947596,0.3381335222490158,-0.9301857855952208,-1.0693058472620645,-1.1366845530867724,-1.1073578501918455,-0.3584362638668518,-0.3727360611461964,6.0
0.3381335222490158,-0.9301857855952208,-1.0693058472620645,-1.1366845530867724,-1.1073578501918455,-0.3584362638668518,-1.0450689027208024,-0.3727360611461964,5.0
-0.9301857855952208,-1.0693058472620645,-1.1366845530867724,-1.1073578501918455,-0.3584362638668518,-1.0450689027208024,-1.2195749034178882,0.2685734914155944,6.0
-1.0693058472620645,-1.1366845530867724,-1.1073578501918455,-0.3584362638668518,-1.0450689027208024,-1.2195749034178882,-1.1798263143702188,0.2685734914155944,5.0
-1.1366845530867724,-1.1073578501918455,-0.3584362638668518,-1.0450689027208024,-1.2195749034178882,-1.1798263143702188,-1.0133185053717493,0.2685734914155944,4.0
-1.1073578501918455,-0.3584362638668518,-1.0450689027208024,-1.2195749034178882,-1.1798263143702188,-1.0133185053717493,-1.0184082637254144,0.2685734914155944,3.0
-0.3584362638668518,-1.0450689027208024,-1.2195749034178882,-1.1798263143702188,-1.0133185053717493,-1.0184082637254144,-1.0121066581446863,0.2685734914155944,2.0
-1.0450689027208024,-1.2195749034178882,-1.1798263143702188,-1.0133185053717493,-1.0184082637254144,-1.0121066581446863,-0.3727360611461964,0.2685734914155944,1.0
-1.2195749034178882,-1.1798263143702188,-1.0133185053717493,-1.0184082637254144,-1.0121066581446863,-0.3727360611461964,-1.0489468138474043,0.2685734914155944,0.0
-1.1798263143702188,-1.0133185053717493,-1.0184082637254144,-1.0121066581446863,-0.3727360611461964,-1.0489468138474043,0.2685734914155944,0.3037170610004241,6.0
-1.0133185053717493,-1.0184082637254144,-1.0121066581446863,-0.3727360611461964,-1.0489468138474043,0.2685734914155944,-0.8489920213819935,0.3037170610004241,5.0
-1.0184082637254144,-1.0121066581446863,-0.3727360611461964,-1.0489468138474043,0.2685734914155944,-0.8489920213819935,-0.8911643048837893,0.3037170610004241,4.0
-1.0121066581446863,-0.3727360611461964,-1.0489468138474043,0.2685734914155944,-0.8489920213819935,-0.8911643048837893,-1.0021695108827688,0.3037170610004241,3.0
-0.3727360611461964,-1.0489468138474043,0.2685734914155944,-0.8489920213819935,-0.8911643048837893,-1.0021695108827688,-0.9898086691667252,0.3037170610004241,2.0
-1.0489468138474043,0.2685734914155944,-0.8489920213819935,-0.8911643048837893,-1.0021695108827688,-0.9898086691667252,-0.8443870019191536,0.3037170610004241,1.0
0.2685734914155944,-0.8489920213819935,-0.8911643048837893,-1.0021695108827688,-0.9898086691667252,-0.8443870019191536,-1.0448265332753899,0.3037170610004241,0.0
-0.8489920213819935,-0.8911643048837893,-1.0021695108827688,-0.9898086691667252,-0.8443870019191536,-1.0448265332753899,0.3037170610004241,0.7773069573366821,6.0
-0.8911643048837893,-1.0021695108827688,-0.9898086691667252,-0.8443870019191536,-1.0448265332753899,0.3037170610004241,-0.8911643048837891,0.7773069573366821,5.0
-1.0021695108827688,-0.9898086691667252,-0.8443870019191536,-1.0448265332753899,0.3037170610004241,-0.8911643048837891,-0.7450155292999797,0.7773069573366821,4.0
-0.9898086691667252,-0.8443870019191536,-1.0448265332753899,0.3037170610004241,-0.8911643048837891,-0.7450155292999797,-0.839054874120076,0.7773069573366821,3.0
-0.8443870019191536,-1.0448265332753899,0.3037170610004241,-0.8911643048837891,-0.7450155292999797,-0.839054874120076,-0.8443870019191536,0.7773069573366821,2.0
-1.0448265332753899,0.3037170610004241,-0.8911643048837891,-0.7450155292999797,-0.839054874120076,-0.8443870019191536,-0.42217942801037067,0.7773069573366821,1.0
0.3037170610004241,-0.8911643048837891,-0.7450155292999797,-0.839054874120076,-0.8443870019191536,-0.42217942801037067,-0.626496870493209,0.7773069573366821,0.0
-0.8911643048837891,-0.7450155292999797,-0.839054874120076,-0.8443870019191536,-0.42217942801037067,-0.626496870493209,0.7773069573366821,0.4891296867410781,6.0
-0.8708052714691291,-1.0106524414722104,-0.8809847881764591,-0.7270801903394459,-0.6218918510303693,-0.8169992545875276,-0.7156888264050528,0.27196666365137107,5.0
-1.0106524414722104,-0.8809847881764591,-0.7270801903394459,-0.6218918510303693,-0.8169992545875276,-0.7156888264050528,-0.840993829683377,0.27196666365137107,4.0
-0.8809847881764591,-0.7270801903394459,-0.6218918510303693,-0.8169992545875276,-0.7156888264050528,-0.840993829683377,-0.9672683107433516,0.27196666365137107,3.0
-0.7270801903394459,-0.6218918510303693,-0.8169992545875276,-0.7156888264050528,-0.840993829683377,-0.9672683107433516,-0.8921337826654396,0.27196666365137107,2.0
-0.6218918510303693,-0.8169992545875276,-0.7156888264050528,-0.840993829683377,-0.9672683107433516,-0.8921337826654396,-0.7188396291954169,0.27196666365137107,1.0
-0.8169992545875276,-0.7156888264050528,-0.840993829683377,-0.9672683107433516,-0.8921337826654396,-0.7188396291954169,-0.8043960434260714,0.27196666365137107,0.0
-0.7156888264050528,-0.840993829683377,-0.9672683107433516,-0.8921337826654396,-0.7188396291954169,-0.8043960434260714,0.27196666365137107,0.06571026560523194,6.0
-0.840993829683377,-0.9672683107433516,-0.8921337826654396,-0.7188396291954169,-0.8043960434260714,0.27196666365137107,-0.7859759655747124,0.06571026560523194,5.0
-0.9672683107433516,-0.8921337826654396,-0.7188396291954169,-0.8043960434260714,0.27196666365137107,-0.7859759655747124,-0.8914066743292018,0.06571026560523194,4.0
-0.8921337826654396,-0.7188396291954169,-0.8043960434260714,0.27196666365137107,-0.7859759655747124,-0.8914066743292018,-0.9958679053020407,0.06571026560523194,3.0
-0.7188396291954169,-0.8043960434260714,0.27196666365137107,-0.7859759655747124,-0.8914066743292018,-0.9958679053020407,-0.9575735329268468,0.06571026560523194,2.0
-0.8043960434260714,0.27196666365137107,-0.7859759655747124,-0.8914066743292018,-0.9958679053020407,-0.9575735329268468,-0.7224751708766061,0.06571026560523194,1.0
0.27196666365137107,-0.7859759655747124,-0.8914066743292018,-0.9958679053020407,-0.9575735329268468,-0.7224751708766061,-0.7624661293696884,0.06571026560523194,0.0
-0.7859759655747124,-0.8914066743292018,-0.9958679053020407,-0.9575735329268468,-0.7224751708766061,-0.7624661293696884,0.06571026560523194,0.14569218259139613,6.0
-0.8914066743292018,-0.9958679053020407,-0.9575735329268468,-0.7224751708766061,-0.7624661293696884,0.06571026560523194,-0.74041050983714,0.14569218259139613,5.0
-0.9958679053020407,-0.9575735329268468,-0.7224751708766061,-0.7624661293696884,0.06571026560523194,-0.74041050983714,-0.8405090907925516,0.14569218259139613,4.0
-0.9575735329268468,-0.7224751708766061,-0.7624661293696884,0.06571026560523194,-0.74041050983714,-0.8405090907925516,-1.0634889805721615,0.14569218259139613,3.0
-0.7224751708766061,-0.7624661293696884,0.06571026560523194,-0.74041050983714,-0.8405090907925516,-1.0634889805721615,-0.9071606882810219,0.14569218259139613,2.0
-0.7624661293696884,0.06571026560523194,-0.74041050983714,-0.8405090907925516,-1.0634889805721615,-0.9071606882810219,-0.8674120992333525,0.14569218259139613,1.0
0.06571026560523194,-0.74041050983714,-0.8405090907925516,-1.0634889805721615,-0.9071606882810219,-0.8674120992333525,-1.0055626831185456,0.14569218259139613,0.0
-0.74041050983714,-0.8405090907925516,-1.0634889805721615,-0.9071606882810219,-0.8674120992333525,-1.0055626831185456,0.14569218259139613,-0.2280415022348626,4.0
-0.8405090907925516,-1.0634889805721615,-0.9071606882810219,-0.8674120992333525,-1.0055626831185456,0.14569218259139613,-0.8725018575870175,-0.2280415022348626,3.0
-1.0634889805721615,-0.9071606882810219,-0.8674120992333525,-1.0055626831185456,0.14569218259139613,-0.8725018575870175,-0.851173346390707,-0.2280415022348626,2.0
-0.9071606882810219,-0.8674120992333525,-1.0055626831185456,0.14569218259139613,-0.8725018575870175,-0.851173346390707,-1.099359658493229,-0.2280415022348626,1.0
-0.8674120992333525,-1.0055626831185456,0.14569218259139613,-0.8725018575870175,-0.851173346390707,-1.099359658493229,-1.0680940000350012,-0.2280415022348626,0.0
-1.0055626831185456,0.14569218259139613,-0.8725018575870175,-0.851173346390707,-1.099359658493229,-1.0680940000350012,-0.2280415022348626,-0.772160907186193,5.0
0.14569218259139613,-0.8725018575870175,-0.851173346390707,-1.099359658493229,-1.0680940000350012,-0.2280415022348626,-1.0736684972794917,-0.772160907186193,4.0
-0.8725018575870175,-0.851173346390707,-1.099359658493229,-1.0680940000350012,-0.2280415022348626,-1.0736684972794917,-1.1480759170211656,0.09843014073593535,6.0
-0.851173346390707,-1.099359658493229,-1.0680940000350012,-0.2280415022348626,-1.0736684972794917,-1.1480759170211656,-0.8739560742594932,0.09843014073593535,5.0
-1.099359658493229,-1.0680940000350012,-0.2280415022348626,-1.0736684972794917,-1.1480759170211656,-0.8739560742594932,-1.1005715057202923,0.09843014073593535,4.0
-1.0680940000350012,-0.2280415022348626,-1.0736684972794917,-1.1480759170211656,-0.8739560742594932,-1.1005715057202923,-1.1388658780954861,0.09843014073593535,3.0
-0.2280415022348626,-1.0736684972794917,-1.1480759170211656,-0.8739560742594932,-1.1005715057202923,-1.1388658780954861,-0.772160907186193,0.09843014073593535,2.0
-1.0736684972794917,-1.1480759170211656,-0.8739560742594932,-1.1005715057202923,-1.1388658780954861,-0.772160907186193,-0.8249974462861441,0.09843014073593535,1.0
-1.1480759170211656,-0.8739560742594932,-1.1005715057202923,-1.1388658780954861,-0.772160907186193,-0.8249974462861441,-1.1289287308335687,0.09843014073593535,0.0
-0.8739560742594932,-1.1005715057202923,-1.1388658780954861,-0.772160907186193,-0.8249974462861441,-1.1289287308335687,0.09843014073593535,-0.10346360729277637,6.0
-1.1005715057202923,-1.1388658780954861,-0.772160907186193,-0.8249974462861441,-1.1289287308335687,0.09843014073593535,-0.7733727544132561,-0.10346360729277637,5.0
-1.1388658780954861,-0.772160907186193,-0.8249974462861441,-1.1289287308335687,0.09843014073593535,-0.7733727544132561,-0.8991624965824057,-0.10346360729277637,4.0
-0.772160907186193,-0.8249974462861441,-1.1289287308335687,0.09843014073593535,-0.7733727544132561,-0.8991624965824057,-1.0113795498084484,-0.10346360729277637,3.0
-0.8249974462861441,-1.1289287308335687,0.09843014073593535,-0.7733727544132561,-0.8991624965824057,-1.0113795498084484,-1.0380401888038364,-0.10346360729277637,2.0
-1.1289287308335687,0.09843014073593535,-0.7733727544132561,-0.8991624965824057,-1.0113795498084484,-1.0380401888038364,-1.1303829475060443,-0.10346360729277637,1.0
0.09843014073593535,-0.7733727544132561,-0.8991624965824057,-1.0113795498084484,-1.0380401888038364,-1.1303829475060443,-1.0792429945239816,-0.10346360729277637,0.0
-0.7733727544132561,-0.8991624965824057,-1.0113795498084484,-1.0380401888038364,-1.1303829475060443,-1.0792429945239816,-0.10346360729277637,-0.1834455242789409,6.0
-0.8991624965824057,-1.0113795498084484,-1.0380401888038364,-1.1303829475060443,-1.0792429945239816,-0.10346360729277637,-0.9481211245557548,-0.1834455242789409,5.0
-1.0113795498084484,-1.0380401888038364,-1.1303829475060443,-1.0792429945239816,-0.10346360729277637,-0.9481211245557548,-0.9391534550754878,-0.1834455242789409,4.0
-1.0380401888038364,-1.1303829475060443,-1.0792429945239816,-0.10346360729277637,-0.9481211245557548,-0.9391534550754878,-1.0404638832579627,-0.1834455242789409,3.0
-1.1303829475060443,-1.0792429945239816,-0.10346360729277637,-0.9481211245557548,-0.9391534550754878,-1.0404638832579627,-0.9745393941057302,-0.1834455242789409,2.0
-1.0792429945239816,-0.10346360729277637,-0.9481211245557548,-0.9391534550754878,-1.0404638832579627,-0.9745393941057302,-0.7993062850724064,-0.1834455242789409,1.0
-0.10346360729277637,-0.9481211245557548,-0.9391534550754878,-1.0404638832579627,-0.9745393941057302,-0.7993062850724064,-1.1444403753399763,-0.1834455242789409,0.0
-0.9481211245557548,-0.9391534550754878,-1.0404638832579627,-0.9745393941057302,-0.7993062850724064,-1.1444403753399763,-0.1834455242789409,0.17065623546889622,6.0
-0.9391534550754878,-1.0404638832579627,-0.9745393941057302,-0.7993062850724064,-1.1444403753399763,-0.1834455242789409,-1.0833632750959963,0.17065623546889622,5.0
-1.0404638832579627,-0.9745393941057302,-0.7993062850724064,-1.1444403753399763,-0.1834455242789409,-1.0833632750959963,-0.9890815608304874,0.17065623546889622,4.0
-0.9745393941057302,-0.7993062850724064,-1.1444403753399763,-0.1834455242789409,-1.0833632750959963,-0.9890815608304874,-0.9692072663066525,0.17065623546889622,3.0
-0.7993062850724064,-1.1444403753399763,-0.1834455242789409,-1.0833632750959963,-0.9890815608304874,-0.9692072663066525,-1.0382825582492492,0.17065623546889622,2.0
-1.1444403753399763,-0.1834455242789409,-1.0833632750959963,-0.9890815608304874,-0.9692072663066525,-1.0382825582492492,-1.1197186919078892,0.17065623546889622,1.0
-0.1834455242789409,-1.0833632750959963,-0.9890815608304874,-0.9692072663066525,-1.0382825582492492,-1.1197186919078892,-0.9158859883158764,0.17065623546889622,0.0
-1.0833632750959963,-0.9890815608304874,-0.9692072663066525,-1.0382825582492492,-1.1197186919078892,-0.9158859883158764,0.17065623546889622,-0.03196462089605383,6.0
-0.9890815608304874,-0.9692072663066525,-1.0382825582492492,-1.1197186919078892,-0.9158859883158764,0.17065623546889622,-1.1044494168468943,-0.03196462089605383,5.0
-0.9692072663066525,-1.0382825582492492,-1.1197186919078892,-0.9158859883158764,0.17065623546889622,-1.1044494168468943,-1.0036237275552446,-0.03196462089605383,4.0
-1.0382825582492492,-1.1197186919078892,-0.9158859883158764,0.17065623546889622,-1.1044494168468943,-1.0036237275552446,-1.1107510224276222,-0.03196462089605383,3.0
-1.1197186919078892,-0.9158859883158764,0.17065623546889622,-1.1044494168468943,-1.0036237275552446,-1.1107510224276222,-0.9519990356823567,-0.03196462089605383,2.0
-0.9158859883158764,0.17065623546889622,-1.1044494168468943,-1.0036237275552446,-1.1107510224276222,-0.9519990356823567,-0.9376992384030121,-0.03196462089605383,1.0
0.17065623546889622,-1.1044494168468943,-1.0036237275552446,-1.1107510224276222,-0.9519990356823567,-0.9376992384030121,-0.9410924106387887,0.9464808302346904,6.0
-1.1044494168468943,-1.0036237275552446,-1.1107510224276222,-0.9519990356823567,-0.9376992384030121,-0.9410924106387887,-0.03196462089605383,0.9464808302346904,5.0
-1.0036237275552446,-1.1107510224276222,-0.9519990356823567,-0.9376992384030121,-0.9410924106387887,-0.03196462089605383,-1.0903919890129623,0.9464808302346904,4.0
-1.1107510224276222,-0.9519990356823567,-0.9376992384030121,-0.9410924106387887,-0.03196462089605383,-1.0903919890129623,-0.8821966354035222,0.9464808302346904,3.0
-0.9519990356823567,-0.9376992384030121,-0.9410924106387887,-0.03196462089605383,-1.0903919890129623,-0.8821966354035222,-1.0295572582143946,0.9464808302346904,2.0
-0.9376992384030121,-0.9410924106387887,-0.03196462089605383,-1.0903919890129623,-0.8821966354035222,-1.0295572582143946,-1.1296558391698066,0.9464808302346904,1.0
-0.9410924106387887,-0.03196462089605383,-1.0903919890129623,-0.8821966354035222,-1.0295572582143946,-1.1296558391698066,-0.4679872531933559,0.9464808302346904,0.0
-0.03196462089605383,-1.0903919890129623,-0.8821966354035222,-1.0295572582143946,-1.1296558391698066,-0.4679872531933559,0.9464808302346904,-0.7845217489022367,0.0
-1.0903919890129623,-0.8821966354035222,-1.0295572582143946,-1.1296558391698066,-0.4679872531933559,0.9464808302346904,-0.7845217489022367,0.2942646526293321,6.0
-0.8821966354035222,-1.0295572582143946,-1.1296558391698066,-0.4679872531933559,0.9464808302346904,-0.7845217489022367,-0.9575735329268468,0.2942646526293321,5.0
-1.0295572582143946,-1.1296558391698066,-0.4679872531933559,0.9464808302346904,-0.7845217489022367,-0.9575735329268468,-1.0171964164983511,0.2942646526293321,4.0
-1.1296558391698066,-0.4679872531933559,0.9464808302346904,-0.7845217489022367,-0.9575735329268468,-1.0171964164983511,-0.9679954190795895,0.2942646526293321,3.0
-0.4679872531933559,0.9464808302346904,-0.7845217489022367,-0.9575735329268468,-1.0171964164983511,-0.9679954190795895,-1.0765769306244428,0.2942646526293321,2.0
0.9464808302346904,-0.7845217489022367,-0.9575735329268468,-1.0171964164983511,-0.9679954190795895,-1.0765769306244428,-1.113417086327161,0.2942646526293321,1.0
-0.7845217489022367,-0.9575735329268468,-1.0171964164983511,-0.9679954190795895,-1.0765769306244428,-1.113417086327161,-1.0467654888386908,0.2942646526293321,0.0
-0.9575735329268468,-1.0171964164983511,-0.9679954190795895,-1.0765769306244428,-1.113417086327161,-1.0467654888386908,0.2942646526293321,0.47216382556219444,6.0
-1.0171964164983511,-0.9679954190795895,-1.0765769306244428,-1.113417086327161,-1.0467654888386908,0.2942646526293321,-0.9781749357869195,0.47216382556219444,5.0
-0.9679954190795895,-1.0765769306244428,-1.113417086327161,-1.0467654888386908,0.2942646526293321,-0.9781749357869195,-1.0036237275552446,0.47216382556219444,4.0
-1.0765769306244428,-1.113417086327161,-1.0467654888386908,0.2942646526293321,-0.9781749357869195,-1.0036237275552446,-1.0743956056157293,0.47216382556219444,3.0
-1.113417086327161,-1.0467654888386908,0.2942646526293321,-0.9781749357869195,-1.0036237275552446,-1.0743956056157293,-0.5722061147207822,0.47216382556219444,2.0
-1.0467654888386908,0.2942646526293321,-0.9781749357869195,-1.0036237275552446,-1.0743956056157293,-0.5722061147207822,-0.7978520683999306,0.47216382556219444,1.0
0.2942646526293321,-0.9781749357869195,-1.0036237275552446,-1.0743956056157293,-0.5722061147207822,-0.7978520683999306,0.013600834841518607,0.47216382556219444,0.0
-0.9781749357869195,-1.0036237275552446,-1.0743956056157293,-0.5722061147207822,-0.7978520683999306,0.013600834841518607,0.47216382556219444,0.47410278112549553,6.0
-1.0036237275552446,-1.0743956056157293,-0.5722061147207822,-0.7978520683999306,0.013600834841518607,0.47216382556219444,0.3856379335498894,0.47410278112549553,5.0
-1.0743956056157293,-0.5722061147207822,-0.7978520683999306,0.013600834841518607,0.47216382556219444,0.3856379335498894,0.43968631987690343,0.47410278112549553,4.0
-0.5722061147207822,-0.7978520683999306,0.013600834841518607,0.47216382556219444,0.3856379335498894,0.43968631987690343,-0.6703657401128927,0.47410278112549553,3.0
-0.7978520683999306,0.013600834841518607,0.47216382556219444,0.3856379335498894,0.43968631987690343,-0.6703657401128927,-0.5974125370436947,0.47410278112549553,2.0
0.013600834841518607,0.47216382556219444,0.3856379335498894,0.43968631987690343,-0.6703657401128927,-0.5974125370436947,-0.9280044605865072,0.47410278112549553,1.0
0.47216382556219444,0.3856379335498894,0.43968631987690343,-0.6703657401128927,-0.5974125370436947,-0.9280044605865072,-0.5668739869217044,0.47410278112549553,0.0
0.3856379335498894,0.43968631987690343,-0.6703657401128927,-0.5974125370436947,-0.9280044605865072,-0.5668739869217044,0.47410278112549553,0.5046413312474854,6.0
0.43968631987690343,-0.6703657401128927,-0.5974125370436947,-0.9280044605865072,-0.5668739869217044,0.47410278112549553,-0.6853926457284754,0.5046413312474854,5.0
-0.6703657401128927,-0.5974125370436947,-0.9280044605865072,-0.5668739869217044,0.47410278112549553,-0.6853926457284754,-0.44932480589658425,0.5046413312474854,4.0
-0.5974125370436947,-0.9280044605865072,-0.5668739869217044,0.47410278112549553,-0.6853926457284754,-0.44932480589658425,-0.5096747978043265,0.5046413312474854,3.0
-0.9280044605865072,-0.5668739869217044,0.47410278112549553,-0.6853926457284754,-0.44932480589658425,-0.5096747978043265,-0.23482784670641593,0.5046413312474854,2.0
-0.5668739869217044,0.47410278112549553,-0.6853926457284754,-0.44932480589658425,-0.5096747978043265,-0.23482784670641593,0.07273897952219803,0.5046413312474854,1.0
0.47410278112549553,-0.6853926457284754,-0.44932480589658425,-0.5096747978043265,-0.23482784670641593,0.07273897952219803,-0.4216946891195455,0.5046413312474854,0.0
-0.6853926457284754,-0.44932480589658425,-0.5096747978043265,-0.23482784670641593,0.07273897952219803,-0.4216946891195455,0.5046413312474854,0.6219481428271932,6.0
-0.44932480589658425,-0.5096747978043265,-0.23482784670641593,0.07273897952219803,-0.4216946891195455,0.5046413312474854,-0.6291629343927477,0.6219481428271932,5.0
-0.5096747978043265,-0.23482784670641593,0.07273897952219803,-0.4216946891195455,0.5046413312474854,-0.6291629343927477,-0.6926637290908539,0.6219481428271932,4.0
-0.23482784670641593,0.07273897952219803,-0.4216946891195455,0.5046413312474854,-0.6291629343927477,-0.6926637290908539,-0.09255698224920844,0.6219481428271932,3.0
0.07273897952219803,-0.4216946891195455,0.5046413312474854,-0.6291629343927477,-0.6926637290908539,-0.09255698224920844,-0.46071616983097735,0.6219481428271932,2.0
-0.4216946891195455,0.5046413312474854,-0.6291629343927477,-0.6926637290908539,-0.09255698224920844,-0.46071616983097735,-0.3138402859109301,0.6219481428271932,1.0
0.5046413312474854,-0.6291629343927477,-0.6926637290908539,-0.09255698224920844,-0.46071616983097735,-0.3138402859109301,-0.44471978643374444,0.6219481428271932,0.0
-0.6291629343927477,-0.6926637290908539,-0.09255698224920844,-0.46071616983097735,-0.3138402859109301,-0.44471978643374444,0.6219481428271932,-0.27384932741784784,2.0
-0.6926637290908539,-0.09255698224920844,-0.46071616983097735,-0.3138402859109301,-0.44471978643374444,0.6219481428271932,-0.28524069135224095,-0.27384932741784784,1.0
-0.09255698224920844,-0.46071616983097735,-0.3138402859109301,-0.44471978643374444,0.6219481428271932,-0.28524069135224095,-0.5123408617038652,-0.27384932741784784,0.0
-0.46071616983097735,-0.3138402859109301,-0.44471978643374444,0.6219481428271932,-0.28524069135224095,-0.5123408617038652,-0.27384932741784784,-0.386308750089303,5.0
-0.3138402859109301,-0.44471978643374444,0.6219481428271932,-0.28524069135224095,-0.5123408617038652,-0.27384932741784784,-0.8732289659232553,-0.13594111297806738,6.0
-0.44471978643374444,0.6219481428271932,-0.28524069135224095,-0.5123408617038652,-0.27384932741784784,-0.8732289659232553,-0.724414126439907,0.14496507425515853,6.0
0.6219481428271932,-0.28524069135224095,-0.5123408617038652,-0.27384932741784784,-0.8732289659232553,-0.724414126439907,-0.8099705406705617,0.14496507425515853,5.0
-0.28524069135224095,-0.5123408617038652,-0.27384932741784784,-0.8732289659232553,-0.724414126439907,-0.8099705406705617,-0.8303295740852217,0.941148702435613,6.0
-0.5123408617038652,-0.27384932741784784,-0.8732289659232553,-0.724414126439907,-0.8099705406705617,-0.8303295740852217,-0.5637231841313405,0.941148702435613,5.0
-0.27384932741784784,-0.8732289659232553,-0.724414126439907,-0.8099705406705617,-0.8303295740852217,-0.5637231841313405,-0.386308750089303,0.941148702435613,4.0
-0.8732289659232553,-0.724414126439907,-0.8099705406705617,-0.8303295740852217,-0.5637231841313405,-0.386308750089303,-0.6582472678422621,0.941148702435613,3.0
-0.724414126439907,-0.8099705406705617,-0.8303295740852217,-0.5637231841313405,-0.386308750089303,-0.6582472678422621,-0.13594111297806738,0.941148702435613,2.0
-0.8099705406705617,-0.8303295740852217,-0.5637231841313405,-0.386308750089303,-0.6582472678422621,-0.13594111297806738,0.14496507425515853,1.0427015000635007,6.0
-0.8303295740852217,-0.5637231841313405,-0.386308750089303,-0.6582472678422621,-0.13594111297806738,0.14496507425515853,-0.31626398036505604,1.0427015000635007,5.0
-0.5637231841313405,-0.386308750089303,-0.6582472678422621,-0.13594111297806738,0.14496507425515853,-0.31626398036505604,0.941148702435613,1.0427015000635007,4.0
-0.386308750089303,-0.6582472678422621,-0.13594111297806738,0.14496507425515853,-0.31626398036505604,0.941148702435613,0.003421318134188641,1.0427015000635007,3.0
-0.6582472678422621,-0.13594111297806738,0.14496507425515853,-0.31626398036505604,0.941148702435613,0.003421318134188641,-0.483741267145176,1.0427015000635007,2.0
-0.13594111297806738,0.14496507425515853,-0.31626398036505604,0.941148702435613,0.003421318134188641,-0.483741267145176,-0.12212605458954798,1.0427015000635007,1.0
0.14496507425515853,-0.31626398036505604,0.941148702435613,0.003421318134188641,-0.483741267145176,-0.12212605458954798,-0.08480115999600477,1.0427015000635007,0.0
-0.31626398036505604,0.941148702435613,0.003421318134188641,-0.483741267145176,-0.12212605458954798,-0.08480115999600477,1.0427015000635007,0.14254137980103224,0.0
0.941148702435613,0.003421318134188641,-0.483741267145176,-0.12212605458954798,-0.08480115999600477,1.0427015000635007,0.14254137980103224,0.28384276647658935,6.0
0.003421318134188641,-0.483741267145176,-0.12212605458954798,-0.08480115999600477,1.0427015000635007,0.14254137980103224,0.015539790404819709,1.1459508838092762,6.0
-0.483741267145176,-0.12212605458954798,-0.08480115999600477,1.0427015000635007,0.14254137980103224,0.015539790404819709,-0.06565397380840761,1.1459508838092762,5.0
-0.12212605458954798,-0.08480115999600477,1.0427015000635007,0.14254137980103224,0.015539790404819709,-0.06565397380840761,-0.2355549550426539,1.1459508838092762,4.0
-0.08480115999600477,1.0427015000635007,0.14254137980103224,0.015539790404819709,-0.06565397380840761,-0.2355549550426539,-0.03947807370384474,1.1459508838092762,3.0
1.0427015000635007,0.14254137980103224,0.015539790404819709,-0.06565397380840761,-0.2355549550426539,-0.03947807370384474,-0.17035757422665912,1.1459508838092762,2.0
0.14254137980103224,0.015539790404819709,-0.06565397380840761,-0.2355549550426539,-0.03947807370384474,-0.17035757422665912,-0.17156942145372225,1.6006359634033502,6.0
0.015539790404819709,-0.06565397380840761,-0.2355549550426539,-0.03947807370384474,-0.17035757422665912,-0.17156942145372225,0.28384276647658935,1.6006359634033502,5.0
-0.06565397380840761,-0.2355549550426539,-0.03947807370384474,-0.17035757422665912,-0.17156942145372225,0.28384276647658935,1.1459508838092762,1.6006359634033502,4.0
-0.2355549550426539,-0.03947807370384474,-0.17035757422665912,-0.17156942145372225,0.28384276647658935,1.1459508838092762,0.16168856598862902,1.6006359634033502,3.0
-0.03947807370384474,-0.17035757422665912,-0.17156942145372225,0.28384276647658935,1.1459508838092762,0.16168856598862902,0.5531152203300094,1.6006359634033502,2.0
-0.17035757422665912,-0.17156942145372225,0.28384276647658935,1.1459508838092762,0.16168856598862902,0.5531152203300094,0.5494796786488203,1.6006359634033502,1.0
-0.17156942145372225,0.28384276647658935,1.1459508838092762,0.16168856598862902,0.5531152203300094,0.5494796786488203,0.49640077010345657,1.6006359634033502,0.0
0.28384276647658935,1.1459508838092762,0.16168856598862902,0.5531152203300094,0.5494796786488203,0.49640077010345657,1.6006359634033502,0.23997389685690523,6.0
1.1459508838092762,0.16168856598862902,0.5531152203300094,0.5494796786488203,0.49640077010345657,1.6006359634033502,0.19610502723722112,0.52912064523416,6.0
0.16168856598862902,0.5531152203300094,0.5494796786488203,0.49640077010345657,1.6006359634033502,0.19610502723722112,-0.23094993557981408,1.5710668910630108,6.0
0.5531152203300094,0.5494796786488203,0.49640077010345657,1.6006359634033502,0.19610502723722112,-0.23094993557981408,-0.14878669358493604,1.5710668910630108,5.0
0.5494796786488203,0.49640077010345657,1.6006359634033502,0.19610502723722112,-0.23094993557981408,-0.14878669358493604,-0.07437927384326203,1.5710668910630108,4.0
0.49640077010345657,1.6006359634033502,0.19610502723722112,-0.23094993557981408,-0.14878669358493604,-0.07437927384326203,-0.17375074646243577,1.5710668910630108,3.0
1.6006359634033502,0.19610502723722112,-0.23094993557981408,-0.14878669358493604,-0.07437927384326203,-0.17375074646243577,-0.05498971821025246,1.5710668910630108,2.0
0.19610502723722112,-0.23094993557981408,-0.14878669358493604,-0.07437927384326203,-0.17375074646243577,-0.05498971821025246,0.23997389685690523,1.5710668910630108,1.0
-0.23094993557981408,-0.14878669358493604,-0.07437927384326203,-0.17375074646243577,-0.05498971821025246,0.23997389685690523,0.52912064523416,1.5710668910630108,0.0
-0.14878669358493604,-0.07437927384326203,-0.17375074646243577,-0.05498971821025246,0.23997389685690523,0.52912064523416,1.5710668910630108,2.6716665426817143,6.0
-0.07437927384326203,-0.17375074646243577,-0.05498971821025246,0.23997389685690523,0.52912064523416,1.5710668910630108,0.24021626630231802,2.6716665426817143,5.0
-0.17375074646243577,-0.05498971821025246,0.23997389685690523,0.52912064523416,1.5710668910630108,0.24021626630231802,0.03347512936535371,2.6716665426817143,4.0
-0.05498971821025246,0.23997389685690523,0.52912064523416,1.5710668910630108,0.24021626630231802,0.03347512936535371,0.051652837771300135,2.6716665426817143,3.0
0.23997389685690523,0.52912064523416,1.5710668910630108,0.24021626630231802,0.03347512936535371,0.051652837771300135,0.47046723944430613,2.6716665426817143,2.0
0.52912064523416,1.5710668910630108,0.24021626630231802,0.03347512936535371,0.051652837771300135,0.47046723944430613,0.7925762323976774,2.6716665426817143,1.0
1.5710668910630108,0.24021626630231802,0.03347512936535371,0.051652837771300135,0.47046723944430613,0.7925762323976774,1.1154123336872863,2.6716665426817143,0.0
0.24021626630231802,0.03347512936535371,0.051652837771300135,0.47046723944430613,0.7925762323976774,1.1154123336872863,2.6716665426817143,2.330167994095334,6.0
0.03347512936535371,0.051652837771300135,0.47046723944430613,0.7925762323976774,1.1154123336872863,2.6716665426817143,1.3143976483710467,2.330167994095334,5.0
0.051652837771300135,0.47046723944430613,0.7925762323976774,1.1154123336872863,2.6716665426817143,1.3143976483710467,1.0662113362685244,2.330167994095334,4.0
0.47046723944430613,0.7925762323976774,1.1154123336872863,2.6716665426817143,1.3143976483710467,1.0662113362685244,0.876193691065031,2.330167994095334,3.0
0.7925762323976774,1.1154123336872863,2.6716665426817143,1.3143976483710467,1.0662113362685244,0.876193691065031,0.9881683748456613,2.330167994095334,2.0
1.1154123336872863,2.6716665426817143,1.3143976483710467,1.0662113362685244,0.876193691065031,0.9881683748456613,0.7116248376298625,2.330167994095334,1.0
2.6716665426817143,1.3143976483710467,1.0662113362685244,0.876193691065031,0.9881683748456613,0.7116248376298625,0.9510858496975302,2.330167994095334,0.0
1.3143976483710467,1.0662113362685244,0.876193691065031,0.9881683748456613,0.7116248376298625,0.9510858496975302,2.330167994095334,2.3294408857590962,6.0
1.0662113362685244,0.876193691065031,0.9881683748456613,0.7116248376298625,0.9510858496975302,2.330167994095334,1.2664084981793478,2.3294408857590962,5.0
0.876193691065031,0.9881683748456613,0.7116248376298625,0.9510858496975302,2.330167994095334,1.2664084981793478,1.1491016865996402,2.3294408857590962,4.0
0.9881683748456613,0.7116248376298625,0.9510858496975302,2.330167994095334,1.2664084981793478,1.1491016865996402,0.8834647744274096,2.3294408857590962,3.0
0.7116248376298625,0.9510858496975302,2.330167994095334,1.2664084981793478,1.1491016865996402,0.8834647744274096,1.0560318195611944,2.3294408857590962,2.0
0.9510858496975302,2.330167994095334,1.2664084981793478,1.1491016865996402,0.8834647744274096,1.0560318195611944,0.9016424828333559,2.3294408857590962,1.0
2.330167994095334,1.2664084981793478,1.1491016865996402,0.8834647744274096,1.0560318195611944,0.9016424828333559,0.9590840413961467,2.3294408857590962,0.0
1.2664084981793478,1.1491016865996402,0.8834647744274096,1.0560318195611944,0.9016424828333559,0.9590840413961467,2.3294408857590962,1.5148371797272828,0.0
1.1491016865996402,0.8834647744274096,1.0560318195611944,0.9016424828333559,0.9590840413961467,2.3294408857590962,1.5148371797272828,0.8160860686027013,0.0
0.8834647744274096,1.0560318195611944,0.9016424828333559,0.9590840413961467,2.3294408857590962,1.5148371797272828,0.8160860686027013,0.2826309192495262,0.0
1.0560318195611944,0.9016424828333559,0.9590840413961467,2.3294408857590962,1.5148371797272828,0.8160860686027013,0.2826309192495262,0.22979438014957526,2.0
0.9016424828333559,0.9590840413961467,2.3294408857590962,1.5148371797272828,0.8160860686027013,0.2826309192495262,0.15150904928129907,0.40914776975491357,6.0
0.9590840413961467,2.3294408857590962,1.5148371797272828,0.8160860686027013,0.2826309192495262,0.15150904928129907,0.17162571325054657,0.9602958886232098,6.0
2.3294408857590962,1.5148371797272828,0.8160860686027013,0.2826309192495262,0.15150904928129907,0.17162571325054657,0.22979438014957526,1.2770727537775033,6.0
1.5148371797272828,0.8160860686027013,0.2826309192495262,0.15150904928129907,0.17162571325054657,0.22979438014957526,0.15490222151707572,1.8114973809123291,6.0
0.8160860686027013,0.2826309192495262,0.15150904928129907,0.17162571325054657,0.22979438014957526,0.15490222151707572,0.0664373739414699,1.8114973809123291,5.0
0.2826309192495262,0.15150904928129907,0.17162571325054657,0.22979438014957526,0.15490222151707572,0.0664373739414699,0.02983958768416429,1.8114973809123291,4.0
0.15150904928129907,0.17162571325054657,0.22979438014957526,0.15490222151707572,0.0664373739414699,0.02983958768416429,0.18107812162163858,1.8114973809123291,3.0
0.17162571325054657,0.22979438014957526,0.15490222151707572,0.0664373739414699,0.02983958768416429,0.18107812162163858,0.40914776975491357,1.8114973809123291,2.0
0.22979438014957526,0.15490222151707572,0.0664373739414699,0.02983958768416429,0.18107812162163858,0.40914776975491357,0.9602958886232098,1.8114973809123291,1.0
0.15490222151707572,0.0664373739414699,0.02983958768416429,0.18107812162163858,0.40914776975491357,0.9602958886232098,1.2770727537775033,1.8114973809123291,0.0
0.0664373739414699,0.02983958768416429,0.18107812162163858,0.40914776975491357,0.9602958886232098,1.2770727537775033,1.8114973809123291,2.2598808549256746,6.0
0.02983958768416429,0.18107812162163858,0.40914776975491357,0.9602958886232098,1.2770727537775033,1.8114973809123291,1.357054670763668,2.2598808549256746,5.0
0.18107812162163858,0.40914776975491357,0.9602958886232098,1.2770727537775033,1.8114973809123291,1.357054670763668,0.6381868956698389,2.2598808549256746,4.0
0.40914776975491357,0.9602958886232098,1.2770727537775033,1.8114973809123291,1.357054670763668,0.6381868956698389,0.47895017003374774,2.2598808549256746,3.0
0.9602958886232098,1.2770727537775033,1.8114973809123291,1.357054670763668,0.6381868956698389,0.47895017003374774,0.7133214237477509,2.2598808549256746,2.0
1.2770727537775033,1.8114973809123291,1.357054670763668,0.6381868956698389,0.47895017003374774,0.7133214237477509,0.3599467723361517,2.2598808549256746,1.0
1.8114973809123291,1.357054670763668,0.6381868956698389,0.47895017003374774,0.7133214237477509,0.3599467723361517,1.0288864416749812,2.2598808549256746,0.0
1.357054670763668,0.6381868956698389,0.47895017003374774,0.7133214237477509,0.3599467723361517,1.0288864416749812,2.2598808549256746,2.353193091409533,6.0
0.6381868956698389,0.47895017003374774,0.7133214237477509,0.3599467723361517,1.0288864416749812,2.2598808549256746,1.1042633391983059,2.353193091409533,5.0
0.47895017003374774,0.7133214237477509,0.3599467723361517,1.0288864416749812,2.2598808549256746,1.1042633391983059,1.00658845269702,2.353193091409533,4.0
0.7133214237477509,0.3599467723361517,1.0288864416749812,2.2598808549256746,1.1042633391983059,1.00658845269702,0.7370736293981874,2.353193091409533,3.0
0.3599467723361517,1.0288864416749812,2.2598808549256746,1.1042633391983059,1.00658845269702,0.7370736293981874,1.011920580496098,2.353193091409533,2.0
1.0288864416749812,2.2598808549256746,1.1042633391983059,1.00658845269702,0.7370736293981874,1.011920580496098,1.2967046788559258,2.353193091409533,1.0
2.2598808549256746,1.1042633391983059,1.00658845269702,0.7370736293981874,1.011920580496098,1.2967046788559258,1.2281141258041544,2.353193091409533,0.0
1.1042633391983059,1.00658845269702,0.7370736293981874,1.011920580496098,1.2967046788559258,1.2281141258041544,2.353193091409533,1.4443076711122105,3.0
1.00658845269702,0.7370736293981874,1.011920580496098,1.2967046788559258,1.2281141258041544,2.353193091409533,0.5550541758933104,1.4443076711122105,2.0
0.7370736293981874,1.011920580496098,1.2967046788559258,1.2281141258041544,2.353193091409533,0.5550541758933104,0.8146318519302257,1.4443076711122105,1.0
1.011920580496098,1.2967046788559258,1.2281141258041544,2.353193091409533,0.5550541758933104,0.8146318519302257,1.3820187236411676,1.4443076711122105,0.0
1.2967046788559258,1.2281141258041544,2.353193091409533,0.5550541758933104,0.8146318519302257,1.3820187236411676,1.4443076711122105,1.4329163071778175,0.0
1.2281141258041544,2.353193091409533,0.5550541758933104,0.8146318519302257,1.3820187236411676,1.4443076711122105,1.4329163071778175,2.1631754462060395,6.0
2.353193091409533,0.5550541758933104,0.8146318519302257,1.3820187236411676,1.4443076711122105,1.4329163071778175,0.9394521163177243,2.1631754462060395,5.0
0.5550541758933104,0.8146318519302257,1.3820187236411676,1.4443076711122105,1.4329163071778175,0.9394521163177243,0.9840480942736464,2.1631754462060395,4.0
0.8146318519302257,1.3820187236411676,1.4443076711122105,1.4329163071778175,0.9394521163177243,0.9840480942736464,1.1268036976216795,2.1631754462060395,3.0
1.3820187236411676,1.4443076711122105,1.4329163071778175,0.9394521163177243,0.9840480942736464,1.1268036976216795,1.180609714503281,2.1631754462060395,2.0
1.4443076711122105,1.4329163071778175,0.9394521163177243,0.9840480942736464,1.1268036976216795,1.180609714503281,0.8240842603013177,2.1631754462060395,1.0
1.4329163071778175,0.9394521163177243,0.9840480942736464,1.1268036976216795,1.180609714503281,0.8240842603013177,0.6190397094822417,2.1631754462060395,0.0
0.9394521163177243,0.9840480942736464,1.1268036976216795,1.180609714503281,0.8240842603013177,0.6190397094822417,2.1631754462060395,0.6139499511285768,6.0
0.9840480942736464,1.1268036976216795,1.180609714503281,0.8240842603013177,0.6190397094822417,2.1631754462060395,0.47192145611678205,0.7751256323279686,6.0
1.1268036976216795,1.180609714503281,0.8240842603013177,0.6190397094822417,2.1631754462060395,0.47192145611678205,0.254758433027075,3.259654817252729,6.0
1.180609714503281,0.8240842603013177,0.6190397094822417,2.1631754462060395,0.47192145611678205,0.254758433027075,0.3698839195980692,3.259654817252729,5.0
0.8240842603013177,0.6190397094822417,2.1631754462060395,0.47192145611678205,0.254758433027075,0.3698839195980692,0.21064719396197812,3.259654817252729,4.0
0.6190397094822417,2.1631754462060395,0.47192145611678205,0.254758433027075,0.3698839195980692,0.21064719396197812,0.3691568112618313,3.259654817252729,3.0
2.1631754462060395,0.47192145611678205,0.254758433027075,0.3698839195980692,0.21064719396197812,0.3691568112618313,0.12097049915930916,3.259654817252729,2.0
0.47192145611678205,0.254758433027075,0.3698839195980692,0.21064719396197812,0.3691568112618313,0.12097049915930916,0.6139499511285768,3.259654817252729,1.0
0.254758433027075,0.3698839195980692,0.21064719396197812,0.3691568112618313,0.12097049915930916,0.6139499511285768,0.7751256323279686,3.259654817252729,0.0
0.3698839195980692,0.21064719396197812,0.3691568112618313,0.12097049915930916,0.6139499511285768,0.7751256323279686,3.259654817252729,2.1660838795509907,0.0
0.21064719396197812,0.3691568112618313,0.12097049915930916,0.6139499511285768,0.7751256323279686,3.259654817252729,2.1660838795509907,2.1147015571235155,6.0
0.3691568112618313,0.12097049915930916,0.6139499511285768,0.7751256323279686,3.259654817252729,2.1660838795509907,0.32989296110498695,2.1147015571235155,5.0
0.12097049915930916,0.6139499511285768,0.7751256323279686,3.259654817252729,2.1660838795509907,0.32989296110498695,0.8301434964366334,2.1147015571235155,4.0
0.6139499511285768,0.7751256323279686,3.259654817252729,2.1660838795509907,0.32989296110498695,0.8301434964366334,1.0090121471511462,2.1147015571235155,3.0
0.7751256323279686,3.259654817252729,2.1660838795509907,0.32989296110498695,0.8301434964366334,1.0090121471511462,0.6820557652895229,2.1147015571235155,2.0
3.259654817252729,2.1660838795509907,0.32989296110498695,0.8301434964366334,1.0090121471511462,0.6820557652895229,0.4755569977979711,2.1147015571235155,1.0
2.1660838795509907,0.32989296110498695,0.8301434964366334,1.0090121471511462,0.6820557652895229,0.4755569977979711,1.8907521895622554,2.627312934171206,6.0
0.32989296110498695,0.8301434964366334,1.0090121471511462,0.6820557652895229,0.4755569977979711,1.8907521895622554,2.1147015571235155,2.627312934171206,5.0
0.8301434964366334,1.0090121471511462,0.6820557652895229,0.4755569977979711,1.8907521895622554,2.1147015571235155,1.1920010784376742,2.627312934171206,4.0
1.0090121471511462,0.6820557652895229,0.4755569977979711,1.8907521895622554,2.1147015571235155,1.1920010784376742,0.9961665665442778,2.627312934171206,3.0
0.6820557652895229,0.4755569977979711,1.8907521895622554,2.1147015571235155,1.1920010784376742,0.9961665665442778,1.3699002513705363,2.627312934171206,2.0
0.4755569977979711,1.8907521895622554,2.1147015571235155,1.1920010784376742,0.9961665665442778,1.3699002513705363,1.1866689506385961,2.627312934171206,1.0
1.8907521895622554,2.1147015571235155,1.1920010784376742,0.9961665665442778,1.3699002513705363,1.1866689506385961,1.0783298085391553,2.627312934171206,0.0
2.1147015571235155,1.1920010784376742,0.9961665665442778,1.3699002513705363,1.1866689506385961,1.0783298085391553,2.627312934171206,2.2562453132444853,6.0
1.1920010784376742,0.9961665665442778,1.3699002513705363,1.1866689506385961,1.0783298085391553,2.627312934171206,1.2424139230834985,2.2562453132444853,5.0
0.9961665665442778,1.3699002513705363,1.1866689506385961,1.0783298085391553,2.627312934171206,1.2424139230834985,1.4729072656708997,2.2562453132444853,4.0
1.3699002513705363,1.1866689506385961,1.0783298085391553,2.627312934171206,1.2424139230834985,1.4729072656708997,1.2053313979353681,2.2562453132444853,3.0
1.1866689506385961,1.0783298085391553,2.627312934171206,1.2424139230834985,1.4729072656708997,1.2053313979353681,0.9421181802172633,2.2562453132444853,2.0
1.0783298085391553,2.627312934171206,1.2424139230834985,1.4729072656708997,1.2053313979353681,0.9421181802172633,0.5068226562561989,2.2562453132444853,1.0
2.627312934171206,1.2424139230834985,1.4729072656708997,1.2053313979353681,0.9421181802172633,0.5068226562561989,0.8354756242357108,2.2562453132444853,0.0
1.2424139230834985,1.4729072656708997,1.2053313979353681,0.9421181802172633,0.5068226562561989,0.8354756242357108,2.2562453132444853,1.3854118958769444,6.0
1.4729072656708997,1.2053313979353681,0.9421181802172633,0.5068226562561989,0.8354756242357108,2.2562453132444853,0.5708081898451306,1.3854118958769444,5.0
1.2053313979353681,0.9421181802172633,0.5068226562561989,0.8354756242357108,2.2562453132444853,0.5708081898451306,0.26227188583486627,1.3854118958769444,4.0
0.9421181802172633,0.5068226562561989,0.8354756242357108,2.2562453132444853,0.5708081898451306,0.26227188583486627,0.43920158098607825,1.3854118958769444,3.0
0.5068226562561989,0.8354756242357108,2.2562453132444853,0.5708081898451306,0.26227188583486627,0.43920158098607825,0.8766784299558562,1.3854118958769444,2.0
0.8354756242357108,2.2562453132444853,0.5708081898451306,0.26227188583486627,0.43920158098607825,0.8766784299558562,0.8999458967154677,1.419101248789298,6.0
2.2562453132444853,0.5708081898451306,0.26227188583486627,0.43920158098607825,0.8766784299558562,0.8999458967154677,0.7714900906467795,1.419101248789298,5.0
0.5708081898451306,0.26227188583486627,0.43920158098607825,0.8766784299558562,0.8999458967154677,0.7714900906467795,1.3854118958769444,1.419101248789298,4.0
0.26227188583486627,0.43920158098607825,0.8766784299558562,0.8999458967154677,0.7714900906467795,1.3854118958769444,0.20046767725464815,1.419101248789298,3.0
0.43920158098607825,0.8766784299558562,0.8999458967154677,0.7714900906467795,1.3854118958769444,0.20046767725464815,0.05456127111625161,1.419101248789298,2.0
0.8766784299558562,0.8999458967154677,0.7714900906467795,1.3854118958769444,0.20046767725464815,0.05456127111625161,0.4270831087154472,1.419101248789298,1.0
0.8999458967154677,0.7714900906467795,1.3854118958769444,0.20046767725464815,0.05456127111625161,0.4270831087154472,0.37982106685998646,1.419101248789298,0.0
0.7714900906467795,1.3854118958769444,0.20046767725464815,0.05456127111625161,0.4270831087154472,0.37982106685998646,1.419101248789298,0.876193691065031,3.0
1.3854118958769444,0.20046767725464815,0.05456127111625161,0.4270831087154472,0.37982106685998646,1.419101248789298,0.05456127111625161,0.876193691065031,2.0
0.20046767725464815,0.05456127111625161,0.4270831087154472,0.37982106685998646,1.419101248789298,0.05456127111625161,0.16613200582119375,1.1338324115386456,6.0
0.05456127111625161,0.4270831087154472,0.37982106685998646,1.419101248789298,0.05456127111625161,0.16613200582119375,0.6650899041106394,1.1338324115386456,5.0
0.4270831087154472,0.37982106685998646,1.419101248789298,0.05456127111625161,0.16613200582119375,0.6650899041106394,0.876193691065031,1.1338324115386456,4.0
0.37982106685998646,1.419101248789298,0.05456127111625161,0.16613200582119375,0.6650899041106394,0.876193691065031,0.7591292489307357,1.1338324115386456,3.0
1.419101248789298,0.05456127111625161,0.16613200582119375,0.6650899041106394,0.876193691065031,0.7591292489307357,0.7741561545463183,1.1338324115386456,2.0
0.05456127111625161,0.16613200582119375,0.6650899041106394,0.876193691065031,0.7591292489307357,0.7741561545463183,0.6236447289450815,1.1338324115386456,1.0
0.16613200582119375,0.6650899041106394,0.876193691065031,0.7591292489307357,0.7741561545463183,0.6236447289450815,0.13284660198452747,1.1338324115386456,0.0
0.6650899041106394,0.876193691065031,0.7591292489307357,0.7741561545463183,0.6236447289450815,0.13284660198452747,1.1338324115386456,1.398742215374638,6.0
0.876193691065031,0.7591292489307357,0.7741561545463183,0.6236447289450815,0.13284660198452747,1.1338324115386456,-0.2791814552169252,1.398742215374638,5.0
0.7591292489307357,0.7741561545463183,0.6236447289450815,0.13284660198452747,1.1338324115386456,-0.2791814552169252,-0.002637918001126713,1.398742215374638,4.0
0.7741561545463183,0.6236447289450815,0.13284660198452747,1.1338324115386456,-0.2791814552169252,-0.002637918001126713,-0.21640776885505708,1.398742215374638,3.0
0.6236447289450815,0.13284660198452747,1.1338324115386456,-0.2791814552169252,-0.002637918001126713,-0.21640776885505708,-0.18077946037940185,1.398742215374638,2.0
0.13284660198452747,1.1338324115386456,-0.2791814552169252,-0.002637918001126713,-0.21640776885505708,-0.18077946037940185,0.3730347223884331,1.398742215374638,1.0
1.1338324115386456,-0.2791814552169252,-0.002637918001126713,-0.21640776885505708,-0.18077946037940185,0.3730347223884331,0.36285520568110313,1.4573956211644923,6.0
-0.2791814552169252,-0.002637918001126713,-0.21640776885505708,-0.18077946037940185,0.3730347223884331,0.36285520568110313,1.398742215374638,1.6134815440102193,6.0
-0.002637918001126713,-0.21640776885505708,-0.18077946037940185,0.3730347223884331,0.36285520568110313,1.398742215374638,-0.0016684402194763422,1.6134815440102193,5.0
-0.21640776885505708,-0.18077946037940185,0.3730347223884331,0.36285520568110313,1.398742215374638,-0.0016684402194763422,-0.4881039171626034,1.6134815440102193,4.0
-0.18077946037940185,0.3730347223884331,0.36285520568110313,1.398742215374638,-0.0016684402194763422,-0.4881039171626034,-0.49779869497910817,1.6134815440102193,3.0
0.3730347223884331,0.36285520568110313,1.398742215374638,-0.0016684402194763422,-0.4881039171626034,-0.49779869497910817,-0.376129233381973,1.6134815440102193,2.0
0.36285520568110313,1.398742215374638,-0.0016684402194763422,-0.4881039171626034,-0.49779869497910817,-0.376129233381973,-0.26245796348345474,1.6134815440102193,1.0
1.398742215374638,-0.0016684402194763422,-0.4881039171626034,-0.49779869497910817,-0.376129233381973,-0.26245796348345474,1.4573956211644923,1.6134815440102193,0.0
-0.0016684402194763422,-0.4881039171626034,-0.49779869497910817,-0.376129233381973,-0.26245796348345474,1.4573956211644923,1.6134815440102193,0.6304310734166348,6.0
-0.4881039171626034,-0.49779869497910817,-0.376129233381973,-0.26245796348345474,1.4573956211644923,1.6134815440102193,-0.5234898561928455,0.6304310734166348,5.0
-0.49779869497910817,-0.376129233381973,-0.26245796348345474,1.4573956211644923,1.6134815440102193,-0.5234898561928455,-0.725141234776145,0.6304310734166348,4.0
-0.376129233381973,-0.26245796348345474,1.4573956211644923,1.6134815440102193,-0.5234898561928455,-0.725141234776145,-0.8203924268233043,0.6304310734166348,3.0
-0.26245796348345474,1.4573956211644923,1.6134815440102193,-0.5234898561928455,-0.725141234776145,-0.8203924268233043,-0.47210753376537046,0.6304310734166348,2.0
1.4573956211644923,1.6134815440102193,-0.5234898561928455,-0.725141234776145,-0.8203924268233043,-0.47210753376537046,-0.23337363003394038,0.6304310734166348,1.0
1.6134815440102193,-0.5234898561928455,-0.725141234776145,-0.8203924268233043,-0.47210753376537046,-0.23337363003394038,-0.5705095286028938,0.6304310734166348,0.0
-0.5234898561928455,-0.725141234776145,-0.8203924268233043,-0.47210753376537046,-0.23337363003394038,-0.5705095286028938,0.6304310734166348,1.1844876256298826,6.0
-0.725141234776145,-0.8203924268233043,-0.47210753376537046,-0.23337363003394038,-0.5705095286028938,0.6304310734166348,0.19319659389226965,1.1844876256298826,5.0
-0.8203924268233043,-0.47210753376537046,-0.23337363003394038,-0.5705095286028938,0.6304310734166348,0.19319659389226965,0.05795444335202826,1.1844876256298826,4.0
-0.47210753376537046,-0.23337363003394038,-0.5705095286028938,0.6304310734166348,0.19319659389226965,0.05795444335202826,-0.18514211039682923,1.1844876256298826,3.0
-0.23337363003394038,-0.5705095286028938,0.6304310734166348,0.19319659389226965,0.05795444335202826,-0.18514211039682923,-0.49804106442452056,1.1844876256298826,2.0
-0.5705095286028938,0.6304310734166348,0.19319659389226965,0.05795444335202826,-0.18514211039682923,-0.49804106442452056,-0.6589743761785001,1.1844876256298826,1.0
0.6304310734166348,0.19319659389226965,0.05795444335202826,-0.18514211039682923,-0.49804106442452056,-0.6589743761785001,0.4101172475365639,1.1844876256298826,0.0
0.19319659389226965,0.05795444335202826,-0.18514211039682923,-0.49804106442452056,-0.6589743761785001,0.4101172475365639,1.1844876256298826,0.5119124146098639,6.0
0.05795444335202826,-0.18514211039682923,-0.49804106442452056,-0.6589743761785001,0.4101172475365639,1.1844876256298826,0.16217330487945458,0.5119124146098639,5.0
-0.18514211039682923,-0.49804106442452056,-0.6589743761785001,0.4101172475365639,1.1844876256298826,0.16217330487945458,-0.2568834662389642,0.5119124146098639,4.0
-0.49804106442452056,-0.6589743761785001,0.4101172475365639,1.1844876256298826,0.16217330487945458,-0.2568834662389642,-0.6180139399037671,0.5119124146098639,3.0
-0.6589743761785001,0.4101172475365639,1.1844876256298826,0.16217330487945458,-0.2568834662389642,-0.6180139399037671,-0.6572777900606114,1.8330682615540521,6.0
0.4101172475365639,1.1844876256298826,0.16217330487945458,-0.2568834662389642,-0.6180139399037671,-0.6572777900606114,-0.5406980868171416,1.8934182534617945,6.0
1.1844876256298826,0.16217330487945458,-0.2568834662389642,-0.6180139399037671,-0.6572777900606114,-0.5406980868171416,-0.5363354367997145,1.8934182534617945,5.0
0.16217330487945458,-0.2568834662389642,-0.6180139399037671,-0.6572777900606114,-0.5406980868171416,-0.5363354367997145,0.5119124146098639,1.8934182534617945,4.0
-0.2568834662389642,-0.6180139399037671,-0.6572777900606114,-0.5406980868171416,-0.5363354367997145,0.5119124146098639,-0.6710928484491308,1.8934182534617945,3.0
-0.6180139399037671,-0.6572777900606114,-0.5406980868171416,-0.5363354367997145,0.5119124146098639,-0.6710928484491308,-0.7629508682605136,1.8934182534617945,2.0
-0.6572777900606114,-0.5406980868171416,-0.5363354367997145,0.5119124146098639,-0.6710928484491308,-0.7629508682605136,-0.833965115766411,1.8934182534617945,1.0
-0.5406980868171416,-0.5363354367997145,0.5119124146098639,-0.6710928484491308,-0.7629508682605136,-0.833965115766411,1.8330682615540521,1.8934182534617945,0.0
-0.5363354367997145,0.5119124146098639,-0.6710928484491308,-0.7629508682605136,-0.833965115766411,1.8330682615540521,1.8934182534617945,0.4074511836370252,6.0
0.5119124146098639,-0.6710928484491308,-0.7629508682605136,-0.833965115766411,1.8330682615540521,1.8934182534617945,-0.19750295211287272,0.4074511836370252,5.0
-0.6710928484491308,-0.7629508682605136,-0.833965115766411,1.8330682615540521,1.8934182534617945,-0.19750295211287272,-0.29008808026049315,0.4074511836370252,4.0
-0.7629508682605136,-0.833965115766411,1.8330682615540521,1.8934182534617945,-0.19750295211287272,-0.29008808026049315,-0.23385836892476555,0.4074511836370252,3.0
-0.833965115766411,1.8330682615540521,1.8934182534617945,-0.19750295211287272,-0.29008808026049315,-0.23385836892476555,-0.7278072986756837,0.4074511836370252,2.0
1.8330682615540521,1.8934182534617945,-0.19750295211287272,-0.29008808026049315,-0.23385836892476555,-0.7278072986756837,-0.8099705406705617,0.4074511836370252,1.0
1.8934182534617945,-0.19750295211287272,-0.29008808026049315,-0.23385836892476555,-0.7278072986756837,-0.8099705406705617,-0.9057064716085464,0.4074511836370252,0.0
-0.19750295211287272,-0.29008808026049315,-0.23385836892476555,-0.7278072986756837,-0.8099705406705617,-0.9057064716085464,0.4074511836370252,0.34395038893891877,6.0
-0.29008808026049315,-0.23385836892476555,-0.7278072986756837,-0.8099705406705617,-0.9057064716085464,0.4074511836370252,-1.0079863775726716,0.34395038893891877,5.0
-0.23385836892476555,-0.7278072986756837,-0.8099705406705617,-0.9057064716085464,0.4074511836370252,-1.0079863775726716,-0.910311491071386,0.34395038893891877,4.0
-0.7278072986756837,-0.8099705406705617,-0.9057064716085464,0.4074511836370252,-1.0079863775726716,-0.910311491071386,-0.9699343746428905,0.34395038893891877,3.0
-0.8099705406705617,-0.9057064716085464,0.4074511836370252,-1.0079863775726716,-0.910311491071386,-0.9699343746428905,-1.052339986083181,0.34395038893891877,2.0
-0.9057064716085464,0.4074511836370252,-1.0079863775726716,-0.910311491071386,-0.9699343746428905,-1.052339986083181,-1.0840903834322342,0.34395038893891877,1.0
0.4074511836370252,-1.0079863775726716,-0.910311491071386,-0.9699343746428905,-1.052339986083181,-1.0840903834322342,-1.0380401888038364,0.34395038893891877,0.0
-1.0079863775726716,-0.910311491071386,-0.9699343746428905,-1.052339986083181,-1.0840903834322342,-1.0380401888038364,0.34395038893891877,-0.04408309316668454,1.0
-0.910311491071386,-0.9699343746428905,-1.052339986083181,-1.0840903834322342,-1.0380401888038364,0.34395038893891877,-0.6912095124183782,-0.04408309316668454,0.0
-0.9699343746428905,-1.052339986083181,-1.0840903834322342,-1.0380401888038364,0.34395038893891877,-0.6912095124183782,-0.04408309316668454,0.2387620496298421,6.0
-1.052339986083181,-1.0840903834322342,-1.0380401888038364,0.34395038893891877,-0.6912095124183782,-0.04408309316668454,-0.9631480301713371,0.2387620496298421,5.0
-1.0840903834322342,-1.0380401888038364,0.34395038893891877,-0.6912095124183782,-0.04408309316668454,-0.9631480301713371,-1.0140456137079872,0.2387620496298421,4.0
-1.0380401888038364,0.34395038893891877,-0.6912095124183782,-0.04408309316668454,-0.9631480301713371,-1.0140456137079872,-1.082878536205171,0.2387620496298421,3.0
0.34395038893891877,-0.6912095124183782,-0.04408309316668454,-0.9631480301713371,-1.0140456137079872,-1.082878536205171,-0.7770082960944453,0.2387620496298421,2.0
-0.6912095124183782,-0.04408309316668454,-0.9631480301713371,-1.0140456137079872,-1.082878536205171,-0.7770082960944453,-0.6803028873748104,0.2387620496298421,1.0
-0.04408309316668454,-0.9631480301713371,-1.0140456137079872,-1.082878536205171,-0.7770082960944453,-0.6803028873748104,-0.8741984437049057,0.2387620496298421,0.0
-0.9631480301713371,-1.0140456137079872,-1.082878536205171,-0.7770082960944453,-0.6803028873748104,-0.8741984437049057,0.2387620496298421,-0.17714391869821278,6.0
-1.0140456137079872,-1.082878536205171,-0.7770082960944453,-0.6803028873748104,-0.8741984437049057,0.2387620496298421,-1.0310114748868704,-0.17714391869821278,5.0
-1.082878536205171,-0.7770082960944453,-0.6803028873748104,-0.8741984437049057,0.2387620496298421,-1.0310114748868704,-1.0773040389606807,-0.17714391869821278,4.0
-0.7770082960944453,-0.6803028873748104,-0.8741984437049057,0.2387620496298421,-1.0310114748868704,-1.0773040389606807,-1.0627618722359236,-0.17714391869821278,3.0
-0.6803028873748104,-0.8741984437049057,0.2387620496298421,-1.0310114748868704,-1.0773040389606807,-1.0627618722359236,-1.1328066419601706,-0.17714391869821278,2.0
-0.8741984437049057,0.2387620496298421,-1.0310114748868704,-1.0773040389606807,-1.0627618722359236,-1.1328066419601706,-0.9270349828048569,-0.17714391869821278,1.0
0.2387620496298421,-1.0310114748868704,-1.0773040389606807,-1.0627618722359236,-1.1328066419601706,-0.9270349828048569,-0.8666849908971147,-0.17714391869821278,0.0
-1.0310114748868704,-1.0773040389606807,-1.0627618722359236,-1.1328066419601706,-0.9270349828048569,-0.8666849908971147,-0.17714391869821278,0.39290901691226787,6.0
-1.0773040389606807,-1.0627618722359236,-1.1328066419601706,-0.9270349828048569,-0.8666849908971147,-0.17714391869821278,-0.9755088718873807,0.39290901691226787,5.0
-1.0627618722359236,-1.1328066419601706,-0.9270349828048569,-0.8666849908971147,-0.17714391869821278,-0.9755088718873807,-0.7057516791431354,0.39290901691226787,4.0
-1.1328066419601706,-0.9270349828048569,-0.8666849908971147,-0.17714391869821278,-0.9755088718873807,-0.7057516791431354,-1.0983901807115788,0.39290901691226787,3.0
-0.9270349828048569,-0.8666849908971147,-0.17714391869821278,-0.9755088718873807,-0.7057516791431354,-1.0983901807115788,-1.007259269236434,0.39290901691226787,2.0
-0.8666849908971147,-0.17714391869821278,-0.9755088718873807,-0.7057516791431354,-1.0983901807115788,-1.007259269236434,-1.046038380502453,0.39290901691226787,1.0
-0.17714391869821278,-0.9755088718873807,-0.7057516791431354,-1.0983901807115788,-1.007259269236434,-1.046038380502453,-0.8751679214865563,0.39290901691226787,0.0
-0.9755088718873807,-0.7057516791431354,-1.0983901807115788,-1.007259269236434,-1.046038380502453,-0.8751679214865563,0.39290901691226787,0.7288330682541586,6.0
-0.7057516791431354,-1.0983901807115788,-1.007259269236434,-1.046038380502453,-0.8751679214865563,0.39290901691226787,-0.8945574771195659,0.7288330682541586,5.0
-1.0983901807115788,-1.007259269236434,-1.046038380502453,-0.8751679214865563,0.39290901691226787,-0.8945574771195659,-1.0467654888386908,0.7288330682541586,4.0
-1.007259269236434,-1.046038380502453,-0.8751679214865563,0.39290901691226787,-0.8945574771195659,-1.0467654888386908,-1.0041084664460698,0.7288330682541586,3.0
-1.046038380502453,-0.8751679214865563,0.39290901691226787,-0.8945574771195659,-1.0467654888386908,-1.0041084664460698,-0.8761373992682067,0.7288330682541586,2.0
-0.8751679214865563,0.39290901691226787,-0.8945574771195659,-1.0467654888386908,-1.0041084664460698,-0.8761373992682067,-0.7421070959550282,0.7288330682541586,1.0
0.39290901691226787,-0.8945574771195659,-1.0467654888386908,-1.0041084664460698,-0.8761373992682067,-0.7421070959550282,-0.761981390478863,0.7288330682541586,0.0
-0.8945574771195659,-1.0467654888386908,-1.0041084664460698,-0.8761373992682067,-0.7421070959550282,-0.761981390478863,0.7288330682541586,0.27196666365137107,6.0
-1.0467654888386908,-1.0041084664460698,-0.8761373992682067,-0.7421070959550282,-0.761981390478863,0.7288330682541586,-1.0184082637254144,0.27196666365137107,5.0
-1.0041084664460698,-0.8761373992682067,-0.7421070959550282,-0.761981390478863,0.7288330682541586,-1.0184082637254144,-0.7023585069073588,0.27196666365137107,4.0
-0.8761373992682067,-0.7421070959550282,-0.761981390478863,0.7288330682541586,-1.0184082637254144,-0.7023585069073588,-1.1616486059642723,0.27196666365137107,3.0
-0.7421070959550282,-0.761981390478863,0.7288330682541586,-1.0184082637254144,-0.7023585069073588,-1.1616486059642723,-1.0138032442625746,0.27196666365137107,2.0
-0.761981390478863,0.7288330682541586,-1.0184082637254144,-0.7023585069073588,-1.1616486059642723,-1.0138032442625746,-0.9360026522851237,0.27196666365137107,1.0
0.7288330682541586,-1.0184082637254144,-0.7023585069073588,-1.1616486059642723,-1.0138032442625746,-0.9360026522851237,-0.864503665888401,0.27196666365137107,0.0
-1.0184082637254144,-0.7023585069073588,-1.1616486059642723,-1.0138032442625746,-0.9360026522851237,-0.864503665888401,0.27196666365137107,0.27245140254219624,6.0
-0.7023585069073588,-1.1616486059642723,-1.0138032442625746,-0.9360026522851237,-0.864503665888401,0.27196666365137107,-0.8208771657141295,0.27245140254219624,5.0
-1.1616486059642723,-1.0138032442625746,-0.9360026522851237,-0.864503665888401,0.27196666365137107,-0.8208771657141295,-0.8809847881764591,0.27245140254219624,4.0
-1.0138032442625746,-0.9360026522851237,-0.864503665888401,0.27196666365137107,-0.8208771657141295,-0.8809847881764591,-0.9842341719222351,0.27245140254219624,3.0
-0.9360026522851237,-0.864503665888401,0.27196666365137107,-0.8208771657141295,-0.8809847881764591,-0.9842341719222351,-0.8647460353338136,0.27245140254219624,2.0
-0.864503665888401,0.27196666365137107,-0.8208771657141295,-0.8809847881764591,-0.9842341719222351,-0.8647460353338136,-0.8439022630283285,0.27245140254219624,1.0
0.27196666365137107,-0.8208771657141295,-0.8809847881764591,-0.9842341719222351,-0.8647460353338136,-0.8439022630283285,-0.721990431985781,0.27245140254219624,0.0
-0.8208771657141295,-0.8809847881764591,-0.9842341719222351,-0.8647460353338136,-0.8439022630283285,-0.721990431985781,0.27245140254219624,0.1527208965083622,6.0
-0.8809847881764591,-0.9842341719222351,-0.8647460353338136,-0.8439022630283285,-0.721990431985781,0.27245140254219624,-0.9551498384727207,0.1527208965083622,5.0
-0.9842341719222351,-0.8647460353338136,-0.8439022630283285,-0.721990431985781,0.27245140254219624,-0.9551498384727207,-0.7876725516926008,0.1527208965083622,4.0
-0.8647460353338136,-0.8439022630283285,-0.721990431985781,0.27245140254219624,-0.9551498384727207,-0.7876725516926008,-0.9304281550406336,0.1527208965083622,3.0
-0.8439022630283285,-0.721990431985781,0.27245140254219624,-0.9551498384727207,-0.7876725516926008,-0.9304281550406336,-0.9791444135685701,0.1527208965083622,2.0
-0.721990431985781,0.27245140254219624,-0.9551498384727207,-0.7876725516926008,-0.9304281550406336,-0.9791444135685701,-0.8603833853163866,0.1527208965083622,1.0
0.27245140254219624,-0.9551498384727207,-0.7876725516926008,-0.9304281550406336,-0.9791444135685701,-0.8603833853163866,-0.849234390827406,0.1527208965083622,0.0
-0.9551498384727207,-0.7876725516926008,-0.9304281550406336,-0.9791444135685701,-0.8603833853163866,-0.849234390827406,0.1527208965083622,-0.8535970408448331,6.0
-0.7876725516926008,-0.9304281550406336,-0.9791444135685701,-0.8603833853163866,-0.849234390827406,0.1527208965083622,-1.05040103051988,-0.8535970408448331,5.0
-0.9304281550406336,-0.9791444135685701,-0.8603833853163866,-0.849234390827406,0.1527208965083622,-1.05040103051988,-0.9088572743989103,-0.8535970408448331,4.0
-0.9791444135685701,-0.8603833853163866,-0.849234390827406,0.1527208965083622,-1.05040103051988,-0.9088572743989103,-0.8989201271369929,-0.8535970408448331,3.0
-0.8603833853163866,-0.849234390827406,0.1527208965083622,-1.05040103051988,-0.9088572743989103,-0.8989201271369929,-1.0234980220790793,-0.8535970408448331,2.0
-0.849234390827406,0.1527208965083622,-1.05040103051988,-0.9088572743989103,-0.8989201271369929,-1.0234980220790793,-0.910311491071386,-0.02057325696166072,6.0
0.1527208965083622,-1.05040103051988,-0.9088572743989103,-0.8989201271369929,-1.0234980220790793,-0.910311491071386,-0.8894677187659009,-0.02057325696166072,5.0
-1.05040103051988,-0.9088572743989103,-0.8989201271369929,-1.0234980220790793,-0.910311491071386,-0.8894677187659009,-0.8535970408448331,-0.02057325696166072,4.0
-0.9088572743989103,-0.8989201271369929,-1.0234980220790793,-0.910311491071386,-0.8894677187659009,-0.8535970408448331,-0.9839918024768224,-0.02057325696166072,3.0
-0.8989201271369929,-1.0234980220790793,-0.910311491071386,-0.8894677187659009,-0.8535970408448331,-0.9839918024768224,-0.9214604855603665,-0.02057325696166072,2.0
-1.0234980220790793,-0.910311491071386,-0.8894677187659009,-0.8535970408448331,-0.9839918024768224,-0.9214604855603665,-0.9689648968612399,-0.02057325696166072,1.0
-0.910311491071386,-0.8894677187659009,-0.8535970408448331,-0.9839918024768224,-0.9214604855603665,-0.9689648968612399,-0.954907469027308,-0.02057325696166072,0.0
-0.8894677187659009,-0.8535970408448331,-0.9839918024768224,-0.9214604855603665,-0.9689648968612399,-0.954907469027308,-0.02057325696166072,-0.5838398481005876,6.0
-0.8535970408448331,-0.9839918024768224,-0.9214604855603665,-0.9689648968612399,-0.954907469027308,-0.02057325696166072,-0.8681392075695903,-0.5838398481005876,5.0
-0.9839918024768224,-0.9214604855603665,-0.9689648968612399,-0.954907469027308,-0.02057325696166072,-0.8681392075695903,-0.8710476409145417,0.24482128576515744,6.0
-0.9214604855603665,-0.9689648968612399,-0.954907469027308,-0.02057325696166072,-0.8681392075695903,-0.8710476409145417,-0.7236870181036692,0.24482128576515744,5.0
-0.9689648968612399,-0.954907469027308,-0.02057325696166072,-0.8681392075695903,-0.8710476409145417,-0.7236870181036692,-0.8489920213819935,0.24482128576515744,4.0
-0.954907469027308,-0.02057325696166072,-0.8681392075695903,-0.8710476409145417,-0.7236870181036692,-0.8489920213819935,-0.8378430268930129,0.24482128576515744,3.0
-0.02057325696166072,-0.8681392075695903,-0.8710476409145417,-0.7236870181036692,-0.8489920213819935,-0.8378430268930129,-0.8397819824563139,0.24482128576515744,2.0
-0.8681392075695903,-0.8710476409145417,-0.7236870181036692,-0.8489920213819935,-0.8378430268930129,-0.8397819824563139,-0.5838398481005876,0.24482128576515744,1.0
-0.8710476409145417,-0.7236870181036692,-0.8489920213819935,-0.8378430268930129,-0.8397819824563139,-0.5838398481005876,-0.8625647103251001,0.24482128576515744,0.0
-0.7236870181036692,-0.8489920213819935,-0.8378430268930129,-0.8397819824563139,-0.5838398481005876,-0.8625647103251001,0.24482128576515744,0.17089860491430864,6.0
-0.8489920213819935,-0.8378430268930129,-0.8397819824563139,-0.5838398481005876,-0.8625647103251001,0.24482128576515744,-0.994413688629565,0.17089860491430864,5.0
-0.8378430268930129,-0.8397819824563139,-0.5838398481005876,-0.8625647103251001,0.24482128576515744,-0.994413688629565,-1.0344046471226471,0.17089860491430864,4.0
-0.8397819824563139,-0.5838398481005876,-0.8625647103251001,0.24482128576515744,-0.994413688629565,-1.0344046471226471,-1.0062897914547833,0.17089860491430864,3.0
-0.5838398481005876,-0.8625647103251001,0.24482128576515744,-0.994413688629565,-1.0344046471226471,-1.0062897914547833,-0.9786596746777447,0.17089860491430864,2.0
-0.8625647103251001,0.24482128576515744,-0.994413688629565,-1.0344046471226471,-1.0062897914547833,-0.9786596746777447,-0.640311928881728,0.17089860491430864,1.0
0.24482128576515744,-0.994413688629565,-1.0344046471226471,-1.0062897914547833,-0.9786596746777447,-0.640311928881728,-0.87274422703243,0.17089860491430864,0.0
-0.994413688629565,-1.0344046471226471,-1.0062897914547833,-0.9786596746777447,-0.640311928881728,-0.87274422703243,0.17089860491430864,0.06861869895018341,6.0
-1.0344046471226471,-1.0062897914547833,-0.9786596746777447,-0.640311928881728,-0.87274422703243,0.17089860491430864,-0.9660564635162886,0.06861869895018341,5.0
-1.0062897914547833,-0.9786596746777447,-0.640311928881728,-0.87274422703243,0.17089860491430864,-0.9660564635162886,-0.91346229386175,0.06861869895018341,4.0
-0.9786596746777447,-0.640311928881728,-0.87274422703243,0.17089860491430864,-0.9660564635162886,-0.91346229386175,-0.9919899941754388,1.227144648022504,6.0
-0.640311928881728,-0.87274422703243,0.17089860491430864,-0.9660564635162886,-0.91346229386175,-0.9919899941754388,-0.9008590827002938,2.734440229043583,6.0
-0.87274422703243,0.17089860491430864,-0.9660564635162886,-0.91346229386175,-0.9919899941754388,-0.9008590827002938,-0.6885434485188394,2.734440229043583,5.0
0.17089860491430864,-0.9660564635162886,-0.91346229386175,-0.9919899941754388,-0.9008590827002938,-0.6885434485188394,-0.9604819662717983,2.734440229043583,4.0
-0.9660564635162886,-0.91346229386175,-0.9919899941754388,-0.9008590827002938,-0.6885434485188394,-0.9604819662717983,0.06861869895018341,2.734440229043583,3.0
-0.91346229386175,-0.9919899941754388,-0.9008590827002938,-0.6885434485188394,-0.9604819662717983,0.06861869895018341,-1.0404638832579627,2.734440229043583,2.0
-0.9919899941754388,-0.9008590827002938,-0.6885434485188394,-0.9604819662717983,0.06861869895018341,-1.0404638832579627,-1.0697905861528896,2.734440229043583,1.0
-0.9008590827002938,-0.6885434485188394,-0.9604819662717983,0.06861869895018341,-1.0404638832579627,-1.0697905861528896,1.227144648022504,2.734440229043583,0.0
-0.6885434485188394,-0.9604819662717983,0.06861869895018341,-1.0404638832579627,-1.0697905861528896,1.227144648022504,2.734440229043583,0.14351085758268262,2.0
-0.9604819662717983,0.06861869895018341,-1.0404638832579627,-1.0697905861528896,1.227144648022504,2.734440229043583,-0.6311018899560484,1.856093358868251,6.0
0.06861869895018341,-1.0404638832579627,-1.0697905861528896,1.227144648022504,2.734440229043583,-0.6311018899560484,-0.5755992869565588,1.856093358868251,5.0
-1.0404638832579627,-1.0697905861528896,1.227144648022504,2.734440229043583,-0.6311018899560484,-0.5755992869565588,0.14351085758268262,1.856093358868251,4.0
-1.0697905861528896,1.227144648022504,2.734440229043583,-0.6311018899560484,-0.5755992869565588,0.14351085758268262,-0.9512719273461187,1.856093358868251,3.0
1.227144648022504,2.734440229043583,-0.6311018899560484,-0.5755992869565588,0.14351085758268262,-0.9512719273461187,-1.0184082637254144,1.856093358868251,2.0
2.734440229043583,-0.6311018899560484,-0.5755992869565588,0.14351085758268262,-0.9512719273461187,-1.0184082637254144,-1.1698891671083014,1.856093358868251,1.0
-0.6311018899560484,-0.5755992869565588,0.14351085758268262,-0.9512719273461187,-1.0184082637254144,-1.1698891671083014,-1.0928156834670884,1.856093358868251,0.0
-0.5755992869565588,0.14351085758268262,-0.9512719273461187,-1.0184082637254144,-1.1698891671083014,-1.0928156834670884,1.856093358868251,0.08340323512035318,1.0
0.14351085758268262,-0.9512719273461187,-1.0184082637254144,-1.1698891671083014,-1.0928156834670884,1.856093358868251,-0.9413347800842012,0.08340323512035318,0.0
-0.9512719273461187,-1.0184082637254144,-1.1698891671083014,-1.0928156834670884,1.856093358868251,-0.9413347800842012,0.08340323512035318,0.39048532245814194,6.0
-1.0184082637254144,-1.1698891671083014,-1.0928156834670884,1.856093358868251,-0.9413347800842012,0.08340323512035318,-1.0414333610396131,0.39048532245814194,5.0
-1.1698891671083014,-1.0928156834670884,1.856093358868251,-0.9413347800842012,0.08340323512035318,-1.0414333610396131,-1.052339986083181,0.39048532245814194,4.0
-1.0928156834670884,1.856093358868251,-0.9413347800842012,0.08340323512035318,-1.0414333610396131,-1.052339986083181,-1.1080849585280834,0.39048532245814194,3.0
1.856093358868251,-0.9413347800842012,0.08340323512035318,-1.0414333610396131,-1.052339986083181,-1.1080849585280834,-0.49634447830663225,0.39048532245814194,2.0
-0.9413347800842012,0.08340323512035318,-1.0414333610396131,-1.052339986083181,-1.1080849585280834,-0.49634447830663225,-1.0348893860134725,0.39048532245814194,1.0
0.08340323512035318,-1.0414333610396131,-1.052339986083181,-1.1080849585280834,-0.49634447830663225,-1.0348893860134725,-1.0251946081969676,0.39048532245814194,0.0
-1.0414333610396131,-1.052339986083181,-1.1080849585280834,-0.49634447830663225,-1.0348893860134725,-1.0251946081969676,0.39048532245814194,0.07225424063137284,6.0
-1.052339986083181,-1.1080849585280834,-0.49634447830663225,-1.0348893860134725,-1.0251946081969676,0.39048532245814194,-0.8991624965824055,0.07225424063137284,5.0
-1.1080849585280834,-0.49634447830663225,-1.0348893860134725,-1.0251946081969676,0.39048532245814194,-0.8991624965824055,-1.108327327973496,0.07225424063137284,4.0
-0.49634447830663225,-1.0348893860134725,-1.0251946081969676,0.39048532245814194,-0.8991624965824055,-1.108327327973496,-1.1381387697592482,0.07225424063137284,3.0
-1.0348893860134725,-1.0251946081969676,0.39048532245814194,-0.8991624965824055,-1.108327327973496,-1.1381387697592482,-1.0419180999304383,0.07225424063137284,2.0
-1.0251946081969676,0.39048532245814194,-0.8991624965824055,-1.108327327973496,-1.1381387697592482,-1.0419180999304383,-1.052339986083181,0.07225424063137284,1.0
0.39048532245814194,-0.8991624965824055,-1.108327327973496,-1.1381387697592482,-1.0419180999304383,-1.052339986083181,-1.1473488086849277,0.07225424063137284,0.0
-0.8991624965824055,-1.108327327973496,-1.1381387697592482,-1.0419180999304383,-1.052339986083181,-1.1473488086849277,0.07225424063137284,0.008753445933266397,6.0
-1.108327327973496,-1.1381387697592482,-1.0419180999304383,-1.052339986083181,-1.1473488086849277,0.07225424063137284,-1.2258765089986163,0.008753445933266397,5.0
-1.1381387697592482,-1.0419180999304383,-1.052339986083181,-1.1473488086849277,0.07225424063137284,-1.2258765089986163,-1.201881933902767,0.008753445933266397,4.0
-1.0419180999304383,-1.052339986083181,-1.1473488086849277,0.07225424063137284,-1.2258765089986163,-1.201881933902767,-1.177644989361505,0.008753445933266397,3.0
-1.052339986083181,-1.1473488086849277,0.07225424063137284,-1.2258765089986163,-1.201881933902767,-1.177644989361505,-1.229996789570631,0.008753445933266397,2.0
-1.1473488086849277,0.07225424063137284,-1.2258765089986163,-1.201881933902767,-1.177644989361505,-1.229996789570631,-1.0753650833973798,0.008753445933266397,1.0
0.07225424063137284,-1.2258765089986163,-1.201881933902767,-1.177644989361505,-1.229996789570631,-1.0753650833973798,-1.000715294210293,0.008753445933266397,0.0
-1.2258765089986163,-1.201881933902767,-1.177644989361505,-1.229996789570631,-1.0753650833973798,-1.000715294210293,0.008753445933266397,0.2200996023330705,6.0
-1.201881933902767,-1.177644989361505,-1.229996789570631,-1.0753650833973798,-1.000715294210293,0.008753445933266397,-1.104691786292307,0.2200996023330705,5.0
-1.177644989361505,-1.229996789570631,-1.0753650833973798,-1.000715294210293,0.008753445933266397,-1.104691786292307,-1.0831209056505835,0.2200996023330705,4.0
-1.229996789570631,-1.0753650833973798,-1.000715294210293,0.008753445933266397,-1.104691786292307,-1.0831209056505835,-1.0838480139868216,0.2200996023330705,3.0
-1.0753650833973798,-1.000715294210293,0.008753445933266397,-1.104691786292307,-1.0831209056505835,-1.0838480139868216,-1.0596110694455596,0.2200996023330705,2.0
-1.000715294210293,0.008753445933266397,-1.104691786292307,-1.0831209056505835,-1.0838480139868216,-1.0596110694455596,-1.1677078420995877,0.2200996023330705,1.0
0.008753445933266397,-1.104691786292307,-1.0831209056505835,-1.0838480139868216,-1.0596110694455596,-1.1677078420995877,-0.8914066743292018,0.2200996023330705,0.0
-1.104691786292307,-1.0831209056505835,-1.0838480139868216,-1.0596110694455596,-1.1677078420995877,-0.8914066743292018,0.2200996023330705,-0.08819433223178141,6.0
-1.0831209056505835,-1.0838480139868216,-1.0596110694455596,-1.1677078420995877,-0.8914066743292018,0.2200996023330705,-1.0741532361703168,-0.08819433223178141,5.0
-1.0838480139868216,-1.0596110694455596,-1.1677078420995877,-0.8914066743292018,0.2200996023330705,-1.0741532361703168,-1.137654030868423,-0.08819433223178141,4.0
-1.0596110694455596,-1.1677078420995877,-0.8914066743292018,0.2200996023330705,-1.0741532361703168,-1.137654030868423,-1.0484620749565792,-0.08819433223178141,3.0
-1.1677078420995877,-0.8914066743292018,0.2200996023330705,-1.0741532361703168,-1.137654030868423,-1.0484620749565792,-1.168919689326651,-0.08819433223178141,2.0
-0.8914066743292018,0.2200996023330705,-1.0741532361703168,-1.137654030868423,-1.0484620749565792,-1.168919689326651,-0.9888391913850747,-0.08819433223178141,1.0
0.2200996023330705,-1.0741532361703168,-1.137654030868423,-1.0484620749565792,-1.168919689326651,-0.9888391913850747,-1.1163255196721125,-0.08819433223178141,0.0
-1.0741532361703168,-1.137654030868423,-1.0484620749565792,-1.168919689326651,-0.9888391913850747,-1.1163255196721125,-0.08819433223178141,0.13527029643865374,6.0
-1.137654030868423,-1.0484620749565792,-1.168919689326651,-0.9888391913850747,-1.1163255196721125,-0.08819433223178141,-0.7820980544481103,0.13527029643865374,5.0
-1.0484620749565792,-1.168919689326651,-0.9888391913850747,-1.1163255196721125,-0.08819433223178141,-0.7820980544481103,-0.7692524738412417,0.13527029643865374,4.0
-1.168919689326651,-0.9888391913850747,-1.1163255196721125,-0.08819433223178141,-0.7820980544481103,-0.7692524738412417,-0.7006619207894704,3.0255259329841393,6.0
-0.9888391913850747,-1.1163255196721125,-0.08819433223178141,-0.7820980544481103,-0.7692524738412417,-0.7006619207894704,-0.691936620754616,6.485107396803868,6.0
-1.1163255196721125,-0.08819433223178141,-0.7820980544481103,-0.7692524738412417,-0.7006619207894704,-0.691936620754616,-0.4040017196044242,6.485107396803868,5.0
-0.08819433223178141,-0.7820980544481103,-0.7692524738412417,-0.7006619207894704,-0.691936620754616,-0.4040017196044242,-0.636676387200539,6.485107396803868,4.0
-0.7820980544481103,-0.7692524738412417,-0.7006619207894704,-0.691936620754616,-0.4040017196044242,-0.636676387200539,0.13527029643865374,6.485107396803868,3.0
-0.7692524738412417,-0.7006619207894704,-0.691936620754616,-0.4040017196044242,-0.636676387200539,0.13527029643865374,-1.0171964164983511,6.485107396803868,2.0
-0.7006619207894704,-0.691936620754616,-0.4040017196044242,-0.636676387200539,0.13527029643865374,-1.0171964164983511,-1.2246646617715533,6.485107396803868,1.0
-0.691936620754616,-0.4040017196044242,-0.636676387200539,0.13527029643865374,-1.0171964164983511,-1.2246646617715533,3.0255259329841393,6.485107396803868,0.0
-0.4040017196044242,-0.636676387200539,0.13527029643865374,-1.0171964164983511,-1.2246646617715533,3.0255259329841393,6.485107396803868,4.90025359325075,0.0
-0.636676387200539,0.13527029643865374,-1.0171964164983511,-1.2246646617715533,3.0255259329841393,6.485107396803868,4.90025359325075,4.294329979719202,0.0
0.13527029643865374,-1.0171964164983511,-1.2246646617715533,3.0255259329841393,6.485107396803868,4.90025359325075,4.294329979719202,3.2441431727463215,0.0
-1.0171964164983511,-1.2246646617715533,3.0255259329841393,6.485107396803868,4.90025359325075,4.294329979719202,3.2441431727463215,3.23202470047569,6.0
-1.2246646617715533,3.0255259329841393,6.485107396803868,4.90025359325075,4.294329979719202,3.2441431727463215,-0.9932018414025019,3.23202470047569,5.0
3.0255259329841393,6.485107396803868,4.90025359325075,4.294329979719202,3.2441431727463215,-0.9932018414025019,-1.1575283253922577,3.23202470047569,4.0
6.485107396803868,4.90025359325075,4.294329979719202,3.2441431727463215,-0.9932018414025019,-1.1575283253922577,-0.8242703379499061,3.23202470047569,3.0
4.90025359325075,4.294329979719202,3.2441431727463215,-0.9932018414025019,-1.1575283253922577,-0.8242703379499061,-0.038266226476781594,3.23202470047569,2.0
4.294329979719202,3.2441431727463215,-0.9932018414025019,-1.1575283253922577,-0.8242703379499061,-0.038266226476781594,-1.3244885573554974,3.23202470047569,1.0
3.2441431727463215,-0.9932018414025019,-1.1575283253922577,-0.8242703379499061,-0.038266226476781594,-1.3244885573554974,1.1270945409561743,3.23202470047569,0.0
-0.9932018414025019,-1.1575283253922577,-0.8242703379499061,-0.038266226476781594,-1.3244885573554974,1.1270945409561743,3.23202470047569,2.551208928311643,0.0
-1.1575283253922577,-0.8242703379499061,-0.038266226476781594,-1.3244885573554974,1.1270945409561743,3.23202470047569,2.551208928311643,1.9956981594259195,5.0
-0.8242703379499061,-0.038266226476781594,-1.3244885573554974,1.1270945409561743,3.23202470047569,2.551208928311643,0.043169907181858494,1.9956981594259195,4.0
-0.038266226476781594,-1.3244885573554974,1.1270945409561743,3.23202470047569,2.551208928311643,0.043169907181858494,-0.0746216432886748,1.9956981594259195,3.0
-1.3244885573554974,1.1270945409561743,3.23202470047569,2.551208928311643,0.043169907181858494,-0.0746216432886748,-0.29202703582379425,1.9956981594259195,2.0
1.1270945409561743,3.23202470047569,2.551208928311643,0.043169907181858494,-0.0746216432886748,-0.29202703582379425,0.1805933827308134,1.9956981594259195,1.0
3.23202470047569,2.551208928311643,0.043169907181858494,-0.0746216432886748,-0.29202703582379425,0.1805933827308134,0.5283935368979223,1.9956981594259195,0.0
2.551208928311643,0.043169907181858494,-0.0746216432886748,-0.29202703582379425,0.1805933827308134,0.5283935368979223,1.9956981594259195,0.6607272540932123,5.0
0.043169907181858494,-0.0746216432886748,-0.29202703582379425,0.1805933827308134,0.5283935368979223,1.9956981594259195,0.11709258803270732,0.6607272540932123,4.0
-0.0746216432886748,-0.29202703582379425,0.1805933827308134,0.5283935368979223,1.9956981594259195,0.11709258803270732,-0.15290697415695065,0.6607272540932123,3.0
-0.29202703582379425,0.1805933827308134,0.5283935368979223,1.9956981594259195,0.11709258803270732,-0.15290697415695065,-0.35068044161364814,0.6607272540932123,2.0
0.1805933827308134,0.5283935368979223,1.9956981594259195,0.11709258803270732,-0.15290697415695065,-0.35068044161364814,-0.14999854081199918,0.6607272540932123,1.0
0.5283935368979223,1.9956981594259195,0.11709258803270732,-0.15290697415695065,-0.35068044161364814,-0.14999854081199918,0.18035101328540099,0.6607272540932123,0.0
1.9956981594259195,0.11709258803270732,-0.15290697415695065,-0.35068044161364814,-0.14999854081199918,0.18035101328540099,0.6607272540932123,0.40648170585537485,0.0
0.11709258803270732,-0.15290697415695065,-0.35068044161364814,-0.14999854081199918,0.18035101328540099,0.6607272540932123,0.40648170585537485,2.151056973935409,6.0
-0.15290697415695065,-0.35068044161364814,-0.14999854081199918,0.18035101328540099,0.6607272540932123,0.40648170585537485,0.20264900226336202,2.151056973935409,5.0
-0.35068044161364814,-0.14999854081199918,0.18035101328540099,0.6607272540932123,0.40648170585537485,0.20264900226336202,0.20386084949042482,2.151056973935409,4.0
-0.14999854081199918,0.18035101328540099,0.6607272540932123,0.40648170585537485,0.20264900226336202,0.20386084949042482,0.3223795082971957,2.151056973935409,3.0
0.18035101328540099,0.6607272540932123,0.40648170585537485,0.20264900226336202,0.20386084949042482,0.3223795082971957,0.21307088841610441,2.151056973935409,2.0
0.6607272540932123,0.40648170585537485,0.20264900226336202,0.20386084949042482,0.3223795082971957,0.21307088841610441,0.269300599751832,2.151056973935409,1.0
0.40648170585537485,0.20264900226336202,0.20386084949042482,0.3223795082971957,0.21307088841610441,0.269300599751832,0.32601504997838515,2.151056973935409,0.0
0.20264900226336202,0.20386084949042482,0.3223795082971957,0.21307088841610441,0.269300599751832,0.32601504997838515,2.151056973935409,1.8577899449861393,6.0
0.20386084949042482,0.3223795082971957,0.21307088841610441,0.269300599751832,0.32601504997838515,2.151056973935409,0.7176840737651778,1.8577899449861393,5.0
0.3223795082971957,0.21307088841610441,0.269300599751832,0.32601504997838515,2.151056973935409,0.7176840737651778,0.42320519758884534,1.8577899449861393,4.0
0.21307088841610441,0.269300599751832,0.32601504997838515,2.151056973935409,0.7176840737651778,0.42320519758884534,0.5817148148886985,1.8577899449861393,3.0
0.269300599751832,0.32601504997838515,2.151056973935409,0.7176840737651778,0.42320519758884534,0.5817148148886985,1.158069356079907,1.8577899449861393,2.0
0.32601504997838515,2.151056973935409,0.7176840737651778,0.42320519758884534,0.5817148148886985,1.158069356079907,1.4028624959466525,1.8577899449861393,1.0
2.151056973935409,0.7176840737651778,0.42320519758884534,0.5817148148886985,1.158069356079907,1.4028624959466525,0.7613105739394496,1.8577899449861393,0.0
0.7176840737651778,0.42320519758884534,0.5817148148886985,1.158069356079907,1.4028624959466525,0.7613105739394496,1.8577899449861393,0.46852828388100537,2.0
0.42320519758884534,0.5817148148886985,1.158069356079907,1.4028624959466525,0.7613105739394496,1.8577899449861393,0.2746327275509097,0.6333395067615863,6.0
0.5817148148886985,1.158069356079907,1.4028624959466525,0.7613105739394496,1.8577899449861393,0.2746327275509097,0.26057529971697796,0.6333395067615863,5.0
1.158069356079907,1.4028624959466525,0.7613105739394496,1.8577899449861393,0.2746327275509097,0.26057529971697796,0.46852828388100537,0.8192368713930654,6.0
1.4028624959466525,0.7613105739394496,1.8577899449861393,0.2746327275509097,0.26057529971697796,0.46852828388100537,0.3553417528733119,0.8192368713930654,5.0
0.7613105739394496,1.8577899449861393,0.2746327275509097,0.26057529971697796,0.46852828388100537,0.3553417528733119,0.318986336061419,0.8192368713930654,4.0
1.8577899449861393,0.2746327275509097,0.26057529971697796,0.46852828388100537,0.3553417528733119,0.318986336061419,0.14011768534690594,0.8192368713930654,3.0
0.2746327275509097,0.26057529971697796,0.46852828388100537,0.3553417528733119,0.318986336061419,0.14011768534690594,0.389758214121904,2.092161198700142,6.0
0.26057529971697796,0.46852828388100537,0.3553417528733119,0.318986336061419,0.14011768534690594,0.389758214121904,0.6333395067615863,2.092161198700142,5.0
0.46852828388100537,0.3553417528733119,0.318986336061419,0.14011768534690594,0.389758214121904,0.6333395067615863,0.5589320870199123,2.092161198700142,4.0
0.3553417528733119,0.318986336061419,0.14011768534690594,0.389758214121904,0.6333395067615863,0.5589320870199123,0.8192368713930654,2.092161198700142,3.0
0.318986336061419,0.14011768534690594,0.389758214121904,0.6333395067615863,0.5589320870199123,0.8192368713930654,0.773671415655493,2.092161198700142,2.0
0.14011768534690594,0.389758214121904,0.6333395067615863,0.5589320870199123,0.8192368713930654,0.773671415655493,0.5051260701383107,2.092161198700142,1.0
0.389758214121904,0.6333395067615863,0.5589320870199123,0.8192368713930654,0.773671415655493,0.5051260701383107,0.3075949721270259,2.092161198700142,0.0
0.6333395067615863,0.5589320870199123,0.8192368713930654,0.773671415655493,0.5051260701383107,0.3075949721270259,2.092161198700142,1.2870099010394205,4.0
0.5589320870199123,0.8192368713930654,0.773671415655493,0.5051260701383107,0.3075949721270259,2.092161198700142,0.4236899364796705,1.2870099010394205,3.0
0.8192368713930654,0.773671415655493,0.5051260701383107,0.3075949721270259,2.092161198700142,0.4236899364796705,0.8090573546857355,1.2870099010394205,2.0
0.773671415655493,0.5051260701383107,0.3075949721270259,2.092161198700142,0.4236899364796705,0.8090573546857355,0.9682940803218263,1.2870099010394205,1.0
0.5051260701383107,0.3075949721270259,2.092161198700142,0.4236899364796705,0.8090573546857355,0.9682940803218263,1.2283564952495671,1.2870099010394205,0.0
0.3075949721270259,2.092161198700142,0.4236899364796705,0.8090573546857355,0.9682940803218263,1.2283564952495671,1.2870099010394205,2.2467929048733937,6.0
2.092161198700142,0.4236899364796705,0.8090573546857355,0.9682940803218263,1.2283564952495671,1.2870099010394205,1.050942061207529,2.2467929048733937,5.0
0.4236899364796705,0.8090573546857355,0.9682940803218263,1.2283564952495671,1.2870099010394205,1.050942061207529,0.8124505269215122,2.2467929048733937,4.0
0.8090573546857355,0.9682940803218263,1.2283564952495671,1.2870099010394205,1.050942061207529,0.8124505269215122,0.4760417366887963,2.2467929048733937,3.0
0.9682940803218263,1.2283564952495671,1.2870099010394205,1.050942061207529,0.8124505269215122,0.4760417366887963,0.4663469588722915,2.2467929048733937,2.0
1.2283564952495671,1.2870099010394205,1.050942061207529,0.8124505269215122,0.4760417366887963,0.4663469588722915,0.9615077358502729,2.2467929048733937,1.0
1.2870099010394205,1.050942061207529,0.8124505269215122,0.4760417366887963,0.4663469588722915,0.9615077358502729,0.8810410799732833,2.2467929048733937,0.0
1.050942061207529,0.8124505269215122,0.4760417366887963,0.4663469588722915,0.9615077358502729,0.8810410799732833,2.2467929048733937,1.2722253648692508,1.0
0.8124505269215122,0.4760417366887963,0.4663469588722915,0.9615077358502729,0.8810410799732833,2.2467929048733937,0.9891378526273118,1.2722253648692508,0.0
0.4760417366887963,0.4663469588722915,0.9615077358502729,0.8810410799732833,2.2467929048733937,0.9891378526273118,1.2722253648692508,2.2601232243710876,6.0
0.4663469588722915,0.9615077358502729,0.8810410799732833,2.2467929048733937,0.9891378526273118,1.2722253648692508,1.234415731384882,2.2601232243710876,5.0
0.9615077358502729,0.8810410799732833,2.2467929048733937,0.9891378526273118,1.2722253648692508,1.234415731384882,1.1646133311060483,2.2601232243710876,4.0
0.8810410799732833,2.2467929048733937,0.9891378526273118,1.2722253648692508,1.234415731384882,1.1646133311060483,0.6968403014596928,2.2601232243710876,3.0
2.2467929048733937,0.9891378526273118,1.2722253648692508,1.234415731384882,1.1646133311060483,0.6968403014596928,0.9588416719507339,2.6568820065115446,6.0
0.9891378526273118,1.2722253648692508,1.234415731384882,1.1646133311060483,0.6968403014596928,0.9588416719507339,0.8388687964714875,2.6568820065115446,5.0
1.2722253648692508,1.234415731384882,1.1646133311060483,0.6968403014596928,0.9588416719507339,0.8388687964714875,1.2489578981096396,2.6568820065115446,4.0
1.234415731384882,1.1646133311060483,0.6968403014596928,0.9588416719507339,0.8388687964714875,1.2489578981096396,2.2601232243710876,2.6568820065115446,3.0
1.1646133311060483,0.6968403014596928,0.9588416719507339,0.8388687964714875,1.2489578981096396,2.2601232243710876,0.8056641824499589,2.6568820065115446,2.0
0.6968403014596928,0.9588416719507339,0.8388687964714875,1.2489578981096396,2.2601232243710876,0.8056641824499589,0.9125491078769239,2.6568820065115446,1.0
0.9588416719507339,0.8388687964714875,1.2489578981096396,2.2601232243710876,0.8056641824499589,0.9125491078769239,1.15370670606248,2.6568820065115446,0.0
0.8388687964714875,1.2489578981096396,2.2601232243710876,0.8056641824499589,0.9125491078769239,1.15370670606248,2.6568820065115446,2.3510117664008194,2.0
1.2489578981096396,2.2601232243710876,0.8056641824499589,0.9125491078769239,1.15370670606248,2.6568820065115446,2.0136334983864534,2.3510117664008194,1.0
2.2601232243710876,0.8056641824499589,0.9125491078769239,1.15370670606248,2.6568820065115446,2.0136334983864534,1.0533657556616554,2.3510117664008194,0.0
0.8056641824499589,0.9125491078769239,1.15370670606248,2.6568820065115446,2.0136334983864534,1.0533657556616554,2.3510117664008194,2.6464601203588027,6.0
0.9125491078769239,1.15370670606248,2.6568820065115446,2.0136334983864534,1.0533657556616554,2.3510117664008194,1.6139662829010442,2.6464601203588027,5.0
1.15370670606248,2.6568820065115446,2.0136334983864534,1.0533657556616554,2.3510117664008194,1.6139662829010442,1.7935620419517948,2.6464601203588027,4.0
2.6568820065115446,2.0136334983864534,1.0533657556616554,2.3510117664008194,1.6139662829010442,1.7935620419517948,1.765689555729344,2.6464601203588027,3.0
2.0136334983864534,1.0533657556616554,2.3510117664008194,1.6139662829010442,1.7935620419517948,1.765689555729344,1.6842534220707035,2.6464601203588027,2.0
1.0533657556616554,2.3510117664008194,1.6139662829010442,1.7935620419517948,1.765689555729344,1.6842534220707035,1.7341815278257036,2.6464601203588027,1.0
2.3510117664008194,1.6139662829010442,1.7935620419517948,1.765689555729344,1.6842534220707035,1.7341815278257036,1.616874716245996,2.6464601203588027,0.0
1.6139662829010442,1.7935620419517948,1.765689555729344,1.6842534220707035,1.7341815278257036,1.616874716245996,2.6464601203588027,2.3289561468682707,5.0
1.7935620419517948,1.765689555729344,1.6842534220707035,1.7341815278257036,1.616874716245996,2.6464601203588027,1.277799862113741,2.3289561468682707,4.0
1.765689555729344,1.6842534220707035,1.7341815278257036,1.616874716245996,2.6464601203588027,1.277799862113741,1.2647119120614598,2.3289561468682707,3.0
1.6842534220707035,1.7341815278257036,1.616874716245996,2.6464601203588027,1.277799862113741,1.2647119120614598,1.1561304005166062,2.3289561468682707,2.0
1.7341815278257036,1.616874716245996,2.6464601203588027,1.277799862113741,1.2647119120614598,1.1561304005166062,1.0693621390588883,2.3289561468682707,1.0
1.616874716245996,2.6464601203588027,1.277799862113741,1.2647119120614598,1.1561304005166062,1.0693621390588883,1.2453223564284503,2.3289561468682707,0.0
2.6464601203588027,1.277799862113741,1.2647119120614598,1.1561304005166062,1.0693621390588883,1.2453223564284503,2.3289561468682707,1.2996131122008767,2.0
1.277799862113741,1.2647119120614598,1.1561304005166062,1.0693621390588883,1.2453223564284503,2.3289561468682707,1.1011125364079415,1.7433915667513826,6.0
1.2647119120614598,1.1561304005166062,1.0693621390588883,1.2453223564284503,2.3289561468682707,1.1011125364079415,0.908671196750322,1.7433915667513826,5.0
1.1561304005166062,1.0693621390588883,1.2453223564284503,2.3289561468682707,1.1011125364079415,0.908671196750322,1.2996131122008767,1.7433915667513826,4.0
1.0693621390588883,1.2453223564284503,2.3289561468682707,1.1011125364079415,0.908671196750322,1.2996131122008767,1.2584103064807315,1.7433915667513826,3.0
1.2453223564284503,2.3289561468682707,1.1011125364079415,0.908671196750322,1.2996131122008767,1.2584103064807315,1.0688774001680634,1.7433915667513826,2.0
2.3289561468682707,1.1011125364079415,0.908671196750322,1.2996131122008767,1.2584103064807315,1.0688774001680634,1.0414896528364375,1.7433915667513826,1.0
1.1011125364079415,0.908671196750322,1.2996131122008767,1.2584103064807315,1.0688774001680634,1.0414896528364375,1.0562741890066072,1.7433915667513826,0.0
0.908671196750322,1.2996131122008767,1.2584103064807315,1.0688774001680634,1.0414896528364375,1.0562741890066072,1.7433915667513826,2.8006070876412283,6.0
1.2996131122008767,1.2584103064807315,1.0688774001680634,1.0414896528364375,1.0562741890066072,1.7433915667513826,1.267620345406411,2.8006070876412283,5.0
1.2584103064807315,1.0688774001680634,1.0414896528364375,1.0562741890066072,1.7433915667513826,1.267620345406411,1.4113454265360943,2.8006070876412283,4.0
1.0688774001680634,1.0414896528364375,1.0562741890066072,1.7433915667513826,1.267620345406411,1.4113454265360943,1.3517225429645898,2.8006070876412283,3.0
1.0414896528364375,1.0562741890066072,1.7433915667513826,1.267620345406411,1.4113454265360943,1.3517225429645898,1.1428000810189123,2.8006070876412283,2.0
1.0562741890066072,1.7433915667513826,1.267620345406411,1.4113454265360943,1.3517225429645898,1.1428000810189123,1.568158457718059,2.8006070876412283,1.0
1.7433915667513826,1.267620345406411,1.4113454265360943,1.3517225429645898,1.1428000810189123,1.568158457718059,1.6823144665074028,2.8006070876412283,0.0
1.267620345406411,1.4113454265360943,1.3517225429645898,1.1428000810189123,1.568158457718059,1.6823144665074028,2.8006070876412283,3.256261645016953,6.0
1.4113454265360943,1.3517225429645898,1.1428000810189123,1.568158457718059,1.6823144665074028,2.8006070876412283,2.5007960836658185,3.256261645016953,5.0
1.3517225429645898,1.1428000810189123,1.568158457718059,1.6823144665074028,2.8006070876412283,2.5007960836658185,2.3032649856545335,3.256261645016953,4.0
1.1428000810189123,1.568158457718059,1.6823144665074028,2.8006070876412283,2.5007960836658185,2.3032649856545335,1.3546309763095417,3.256261645016953,3.0
1.568158457718059,1.6823144665074028,2.8006070876412283,2.5007960836658185,2.3032649856545335,1.3546309763095417,1.338392223466896,3.256261645016953,2.0
1.6823144665074028,2.8006070876412283,2.5007960836658185,2.3032649856545335,1.3546309763095417,1.338392223466896,1.45812272950073,3.256261645016953,1.0
2.8006070876412283,2.5007960836658185,2.3032649856545335,1.3546309763095417,1.338392223466896,1.45812272950073,1.3997116931562885,3.256261645016953,0.0
2.5007960836658185,2.3032649856545335,1.3546309763095417,1.338392223466896,1.45812272950073,1.3997116931562885,3.256261645016953,2.377430035950795,6.0
2.3032649856545335,1.3546309763095417,1.338392223466896,1.45812272950073,1.3997116931562885,3.256261645016953,1.8156176614843433,2.377430035950795,5.0
1.3546309763095417,1.338392223466896,1.45812272950073,1.3997116931562885,3.256261645016953,1.8156176614843433,0.9581145636144963,2.377430035950795,4.0
1.338392223466896,1.45812272950073,1.3997116931562885,3.256261645016953,1.8156176614843433,0.9581145636144963,1.0063460832516078,2.377430035950795,3.0
1.45812272950073,1.3997116931562885,3.256261645016953,1.8156176614843433,0.9581145636144963,1.0063460832516078,0.47652647557962186,2.377430035950795,2.0
1.3997116931562885,3.256261645016953,1.8156176614843433,0.9581145636144963,1.0063460832516078,0.47652647557962186,0.6517595846129455,2.377430035950795,1.0
3.256261645016953,1.8156176614843433,0.9581145636144963,1.0063460832516078,0.47652647557962186,0.6517595846129455,1.6200255190363597,2.377430035950795,0.0
1.8156176614843433,0.9581145636144963,1.0063460832516078,0.47652647557962186,0.6517595846129455,1.6200255190363597,2.377430035950795,2.207286685271136,6.0
0.9581145636144963,1.0063460832516078,0.47652647557962186,0.6517595846129455,1.6200255190363597,2.377430035950795,1.3938948264663855,2.207286685271136,5.0
1.0063460832516078,0.47652647557962186,0.6517595846129455,1.6200255190363597,2.377430035950795,1.3938948264663855,1.1987874229092275,2.207286685271136,4.0
0.47652647557962186,0.6517595846129455,1.6200255190363597,2.377430035950795,1.3938948264663855,1.1987874229092275,1.1808520839486931,2.207286685271136,3.0
0.6517595846129455,1.6200255190363597,2.377430035950795,1.3938948264663855,1.1987874229092275,1.1808520839486931,1.4101335793090313,2.207286685271136,2.0
1.6200255190363597,2.377430035950795,1.3938948264663855,1.1987874229092275,1.1808520839486931,1.4101335793090313,1.2809506649041056,2.207286685271136,1.0
2.377430035950795,1.3938948264663855,1.1987874229092275,1.1808520839486931,1.4101335793090313,1.2809506649041056,1.0923872363730873,2.207286685271136,0.0
1.3938948264663855,1.1987874229092275,1.1808520839486931,1.4101335793090313,1.2809506649041056,1.0923872363730873,2.207286685271136,2.5822322173244583,6.0
1.1987874229092275,1.1808520839486931,1.4101335793090313,1.2809506649041056,1.0923872363730873,2.207286685271136,0.5133666312823398,2.5822322173244583,5.0
1.1808520839486931,1.4101335793090313,1.2809506649041056,1.0923872363730873,2.207286685271136,0.5133666312823398,1.2368394258390083,2.5822322173244583,4.0
1.4101335793090313,1.2809506649041056,1.0923872363730873,2.207286685271136,0.5133666312823398,1.2368394258390083,1.621479735708835,2.5822322173244583,3.0
1.2809506649041056,1.0923872363730873,2.207286685271136,0.5133666312823398,1.2368394258390083,1.621479735708835,1.6823144665074028,2.5822322173244583,2.0
1.0923872363730873,2.207286685271136,0.5133666312823398,1.2368394258390083,1.621479735708835,1.6823144665074028,1.8289479809820373,2.5822322173244583,1.0
2.207286685271136,0.5133666312823398,1.2368394258390083,1.621479735708835,1.6823144665074028,1.8289479809820373,1.4481855822388128,2.5822322173244583,0.0
0.5133666312823398,1.2368394258390083,1.621479735708835,1.6823144665074028,1.8289479809820373,1.4481855822388128,2.5822322173244583,2.2121340741793887,4.0
1.2368394258390083,1.621479735708835,1.6823144665074028,1.8289479809820373,1.4481855822388128,2.5822322173244583,0.5504491564304707,2.2121340741793887,3.0
1.621479735708835,1.6823144665074028,1.8289479809820373,1.4481855822388128,2.5822322173244583,0.5504491564304707,0.5834114010065868,2.2121340741793887,2.0
1.6823144665074028,1.8289479809820373,1.4481855822388128,2.5822322173244583,0.5504491564304707,0.5834114010065868,0.9055203939599578,2.2121340741793887,1.0
1.8289479809820373,1.4481855822388128,2.5822322173244583,0.5504491564304707,0.5834114010065868,0.9055203939599578,0.5405120091685531,2.2121340741793887,0.0
1.4481855822388128,2.5822322173244583,0.5504491564304707,0.5834114010065868,0.9055203939599578,0.5405120091685531,2.2121340741793887,1.5686431966088845,1.0
2.5822322173244583,0.5504491564304707,0.5834114010065868,0.9055203939599578,0.5405120091685531,2.2121340741793887,0.745556559987629,3.946772194997505,6.0
0.5504491564304707,0.5834114010065868,0.9055203939599578,0.5405120091685531,2.2121340741793887,0.745556559987629,1.5686431966088845,3.946772194997505,5.0
0.5834114010065868,0.9055203939599578,0.5405120091685531,2.2121340741793887,0.745556559987629,1.5686431966088845,-0.019119040289184805,3.946772194997505,4.0
0.9055203939599578,0.5405120091685531,2.2121340741793887,0.745556559987629,1.5686431966088845,-0.019119040289184805,0.5436628119589173,3.946772194997505,3.0
0.5405120091685531,2.2121340741793887,0.745556559987629,1.5686431966088845,-0.019119040289184805,0.5436628119589173,1.1032938614166556,3.946772194997505,2.0
2.2121340741793887,0.745556559987629,1.5686431966088845,-0.019119040289184805,0.5436628119589173,1.1032938614166556,0.42781021705168515,3.946772194997505,1.0
0.745556559987629,1.5686431966088845,-0.019119040289184805,0.5436628119589173,1.1032938614166556,0.42781021705168515,1.5536162909933018,3.946772194997505,0.0
1.5686431966088845,-0.019119040289184805,0.5436628119589173,1.1032938614166556,0.42781021705168515,1.5536162909933018,3.946772194997505,8.484655321457977,6.0
-0.019119040289184805,0.5436628119589173,1.1032938614166556,0.42781021705168515,1.5536162909933018,3.946772194997505,0.2181606467697694,8.484655321457977,5.0
0.5436628119589173,1.1032938614166556,0.42781021705168515,1.5536162909933018,3.946772194997505,0.2181606467697694,0.5628099981465141,8.484655321457977,4.0
1.1032938614166556,0.42781021705168515,1.5536162909933018,3.946772194997505,0.2181606467697694,0.5628099981465141,0.7816696073541095,8.484655321457977,3.0
0.42781021705168515,1.5536162909933018,3.946772194997505,0.2181606467697694,0.5628099981465141,0.7816696073541095,0.4106019864273891,8.484655321457977,2.0
1.5536162909933018,3.946772194997505,0.2181606467697694,0.5628099981465141,0.7816696073541095,0.4106019864273891,0.6665441207831153,8.484655321457977,1.0
3.946772194997505,0.2181606467697694,0.5628099981465141,0.7816696073541095,0.4106019864273891,0.6665441207831153,0.98622941928236,8.484655321457977,0.0
0.2181606467697694,0.5628099981465141,0.7816696073541095,0.4106019864273891,0.6665441207831153,0.98622941928236,8.484655321457977,8.162303959059193,0.0
0.5628099981465141,0.7816696073541095,0.4106019864273891,0.6665441207831153,0.98622941928236,8.484655321457977,8.162303959059193,1.76253875293898,6.0
0.7816696073541095,0.4106019864273891,0.6665441207831153,0.98622941928236,8.484655321457977,8.162303959059193,0.6818133958441102,1.76253875293898,5.0
0.4106019864273891,0.6665441207831153,0.98622941928236,8.484655321457977,8.162303959059193,0.6818133958441102,0.7746408934371434,1.76253875293898,4.0
0.6665441207831153,0.98622941928236,8.484655321457977,8.162303959059193,0.6818133958441102,0.7746408934371434,0.5516610036575338,1.76253875293898,3.0
0.98622941928236,8.484655321457977,8.162303959059193,0.6818133958441102,0.7746408934371434,0.5516610036575338,0.7031419070404209,1.76253875293898,2.0
8.484655321457977,8.162303959059193,0.6818133958441102,0.7746408934371434,0.5516610036575338,0.7031419070404209,0.24021626630231802,1.76253875293898,1.0
8.162303959059193,0.6818133958441102,0.7746408934371434,0.5516610036575338,0.7031419070404209,0.24021626630231802,0.5863198343515383,1.76253875293898,0.0
0.6818133958441102,0.7746408934371434,0.5516610036575338,0.7031419070404209,0.24021626630231802,0.5863198343515383,1.76253875293898,1.0742095279671409,6.0
0.7746408934371434,0.5516610036575338,0.7031419070404209,0.24021626630231802,0.5863198343515383,1.76253875293898,0.45544033382872395,1.0742095279671409,5.0
0.5516610036575338,0.7031419070404209,0.24021626630231802,0.5863198343515383,1.76253875293898,0.45544033382872395,0.6604848846477999,1.0742095279671409,4.0
0.7031419070404209,0.24021626630231802,0.5863198343515383,1.76253875293898,0.45544033382872395,0.6604848846477999,0.33231665555911327,1.2887064871573093,6.0
0.24021626630231802,0.5863198343515383,1.76253875293898,0.45544033382872395,0.6604848846477999,0.33231665555911327,0.18689498831154153,1.2887064871573093,5.0
0.5863198343515383,1.76253875293898,0.45544033382872395,0.6604848846477999,0.33231665555911327,0.18689498831154153,-0.08964854890425697,1.2887064871573093,4.0
1.76253875293898,0.45544033382872395,0.6604848846477999,0.33231665555911327,0.18689498831154153,-0.08964854890425697,-0.2879067552517796,1.2887064871573093,3.0
0.45544033382872395,0.6604848846477999,0.33231665555911327,0.18689498831154153,-0.08964854890425697,-0.2879067552517796,1.0742095279671409,2.1188218376955303,6.0
0.6604848846477999,0.33231665555911327,0.18689498831154153,-0.08964854890425697,-0.2879067552517796,1.0742095279671409,0.04922914331717385,2.1188218376955303,5.0
0.33231665555911327,0.18689498831154153,-0.08964854890425697,-0.2879067552517796,1.0742095279671409,0.04922914331717385,0.7363465210619494,2.1188218376955303,4.0
0.18689498831154153,-0.08964854890425697,-0.2879067552517796,1.0742095279671409,0.04922914331717385,0.7363465210619494,1.2887064871573093,2.1188218376955303,3.0
-0.08964854890425697,-0.2879067552517796,1.0742095279671409,0.04922914331717385,0.7363465210619494,1.2887064871573093,0.7237433099004932,2.1188218376955303,2.0
-0.2879067552517796,1.0742095279671409,0.04922914331717385,0.7363465210619494,1.2887064871573093,0.7237433099004932,0.6890844792064887,2.1188218376955303,1.0
1.0742095279671409,0.04922914331717385,0.7363465210619494,1.2887064871573093,0.7237433099004932,0.6890844792064887,0.6721186180276054,2.1188218376955303,0.0
0.04922914331717385,0.7363465210619494,1.2887064871573093,0.7237433099004932,0.6890844792064887,0.6721186180276054,2.1188218376955303,1.9889118149543663,6.0
0.7363465210619494,1.2887064871573093,0.7237433099004932,0.6890844792064887,0.6721186180276054,2.1188218376955303,0.48791783951401496,1.9889118149543663,5.0
1.2887064871573093,0.7237433099004932,0.6890844792064887,0.6721186180276054,2.1188218376955303,0.48791783951401496,0.21937249399683253,1.9889118149543663,4.0
0.7237433099004932,0.6890844792064887,0.6721186180276054,2.1188218376955303,0.48791783951401496,0.21937249399683253,-0.17835576592527555,1.9889118149543663,3.0
0.6890844792064887,0.6721186180276054,2.1188218376955303,0.48791783951401496,0.21937249399683253,-0.17835576592527555,-0.2372515411605422,1.9889118149543663,2.0
0.6721186180276054,2.1188218376955303,0.48791783951401496,0.21937249399683253,-0.17835576592527555,-0.2372515411605422,-0.5852940647730636,1.9889118149543663,1.0
2.1188218376955303,0.48791783951401496,0.21937249399683253,-0.17835576592527555,-0.2372515411605422,-0.5852940647730636,0.16362752155193014,1.9889118149543663,0.0
0.48791783951401496,0.21937249399683253,-0.17835576592527555,-0.2372515411605422,-0.5852940647730636,0.16362752155193014,1.9889118149543663,1.0732400501854906,6.0
0.21937249399683253,-0.17835576592527555,-0.2372515411605422,-0.5852940647730636,0.16362752155193014,1.9889118149543663,0.6028009566395964,1.0732400501854906,5.0
-0.17835576592527555,-0.2372515411605422,-0.5852940647730636,0.16362752155193014,1.9889118149543663,0.6028009566395964,0.502460006238772,1.0732400501854906,4.0
-0.2372515411605422,-0.5852940647730636,0.16362752155193014,1.9889118149543663,0.6028009566395964,0.502460006238772,0.1292110603033384,1.0732400501854906,3.0
-0.5852940647730636,0.16362752155193014,1.9889118149543663,0.6028009566395964,0.502460006238772,0.1292110603033384,-0.17811339647986316,1.0732400501854906,2.0
0.16362752155193014,1.9889118149543663,0.6028009566395964,0.502460006238772,0.1292110603033384,-0.17811339647986316,-0.070016623825835,1.0732400501854906,1.0
1.9889118149543663,0.6028009566395964,0.502460006238772,0.1292110603033384,-0.17811339647986316,-0.070016623825835,-0.021057995852485904,1.0732400501854906,0.0
0.6028009566395964,0.502460006238772,0.1292110603033384,-0.17811339647986316,-0.070016623825835,-0.021057995852485904,1.0732400501854906,0.7731866767646679,6.0
0.502460006238772,0.1292110603033384,-0.17811339647986316,-0.070016623825835,-0.021057995852485904,1.0732400501854906,-0.37200895280995844,0.7731866767646679,5.0
0.1292110603033384,-0.17811339647986316,-0.070016623825835,-0.021057995852485904,1.0732400501854906,-0.37200895280995844,-0.3337145804347648,0.7731866767646679,4.0
-0.17811339647986316,-0.070016623825835,-0.021057995852485904,1.0732400501854906,-0.37200895280995844,-0.3337145804347648,-0.5031308227781855,0.7731866767646679,3.0
-0.070016623825835,-0.021057995852485904,1.0732400501854906,-0.37200895280995844,-0.3337145804347648,-0.5031308227781855,-0.19410977987709604,0.7731866767646679,2.0
-0.021057995852485904,1.0732400501854906,-0.37200895280995844,-0.3337145804347648,-0.5031308227781855,-0.19410977987709604,-0.10491782396525193,0.7731866767646679,1.0
1.0732400501854906,-0.37200895280995844,-0.3337145804347648,-0.5031308227781855,-0.19410977987709604,-0.10491782396525193,-0.27360695797243506,0.7731866767646679,0.0
-0.37200895280995844,-0.3337145804347648,-0.5031308227781855,-0.19410977987709604,-0.10491782396525193,-0.27360695797243506,0.7731866767646679,1.398742215374638,6.0
-0.3337145804347648,-0.5031308227781855,-0.19410977987709604,-0.10491782396525193,-0.27360695797243506,0.7731866767646679,-0.3470448999324587,1.398742215374638,5.0
-0.5031308227781855,-0.19410977987709604,-0.10491782396525193,-0.27360695797243506,0.7731866767646679,-0.3470448999324587,-0.48713443938095263,1.398742215374638,4.0
-0.19410977987709604,-0.10491782396525193,-0.27360695797243506,0.7731866767646679,-0.3470448999324587,-0.48713443938095263,-0.6056530981877235,1.398742215374638,3.0
-0.10491782396525193,-0.27360695797243506,0.7731866767646679,-0.3470448999324587,-0.48713443938095263,-0.6056530981877235,-0.37515975560032266,1.398742215374638,2.0
-0.27360695797243506,0.7731866767646679,-0.3470448999324587,-0.48713443938095263,-0.6056530981877235,-0.37515975560032266,0.4365355170865396,1.398742215374638,1.0
0.7731866767646679,-0.3470448999324587,-0.48713443938095263,-0.6056530981877235,-0.37515975560032266,0.4365355170865396,-0.2748188051994982,1.398742215374638,0.0
-0.3470448999324587,-0.48713443938095263,-0.6056530981877235,-0.37515975560032266,0.4365355170865396,-0.2748188051994982,1.398742215374638,1.1323781948661695,6.0
-0.48713443938095263,-0.6056530981877235,-0.37515975560032266,0.4365355170865396,-0.2748188051994982,1.398742215374638,-0.42654207802779803,1.1323781948661695,5.0
-0.6056530981877235,-0.37515975560032266,0.4365355170865396,-0.2748188051994982,1.398742215374638,-0.42654207802779803,-0.46895673097500623,1.1323781948661695,4.0
-0.37515975560032266,0.4365355170865396,-0.2748188051994982,1.398742215374638,-0.42654207802779803,-0.46895673097500623,-0.45877721426767626,1.1323781948661695,3.0
0.4365355170865396,-0.2748188051994982,1.398742215374638,-0.42654207802779803,-0.46895673097500623,-0.45877721426767626,-0.32620112762697356,1.1323781948661695,2.0
-0.2748188051994982,1.398742215374638,-0.42654207802779803,-0.46895673097500623,-0.45877721426767626,-0.32620112762697356,-0.4190286252200068,1.1323781948661695,1.0
1.398742215374638,-0.42654207802779803,-0.46895673097500623,-0.45877721426767626,-0.32620112762697356,-0.4190286252200068,-0.27263748019078465,1.1323781948661695,0.0
-0.42654207802779803,-0.46895673097500623,-0.45877721426767626,-0.32620112762697356,-0.4190286252200068,-0.27263748019078465,1.1323781948661695,0.5262122118892085,0.0
-0.46895673097500623,-0.45877721426767626,-0.32620112762697356,-0.4190286252200068,-0.27263748019078465,1.1323781948661695,0.5262122118892085,0.459802983846151,5.0
-0.45877721426767626,-0.32620112762697356,-0.4190286252200068,-0.27263748019078465,1.1323781948661695,0.5262122118892085,0.14932772427258556,0.459802983846151,4.0
-0.32620112762697356,-0.4190286252200068,-0.27263748019078465,1.1323781948661695,0.5262122118892085,0.14932772427258556,-0.3002675969678231,0.459802983846151,3.0
-0.4190286252200068,-0.27263748019078465,1.1323781948661695,0.5262122118892085,0.14932772427258556,-0.3002675969678231,-0.28330173578893986,0.459802983846151,2.0
-0.27263748019078465,1.1323781948661695,0.5262122118892085,0.14932772427258556,-0.3002675969678231,-0.28330173578893986,0.11394178524234308,0.459802983846151,1.0
1.1323781948661695,0.5262122118892085,0.14932772427258556,-0.3002675969678231,-0.28330173578893986,0.11394178524234308,-0.7132651319509266,0.459802983846151,0.0
0.5262122118892085,0.14932772427258556,-0.3002675969678231,-0.28330173578893986,0.11394178524234308,-0.7132651319509266,0.459802983846151,0.8953408772526278,6.0
0.14932772427258556,-0.3002675969678231,-0.28330173578893986,0.11394178524234308,-0.7132651319509266,0.459802983846151,-0.753740829334834,0.8953408772526278,5.0
-0.3002675969678231,-0.28330173578893986,0.11394178524234308,-0.7132651319509266,0.459802983846151,-0.753740829334834,-0.30559972476690084,0.8953408772526278,4.0
-0.28330173578893986,0.11394178524234308,-0.7132651319509266,0.459802983846151,-0.753740829334834,-0.30559972476690084,-0.24524973285915866,0.8953408772526278,3.0
0.11394178524234308,-0.7132651319509266,0.459802983846151,-0.753740829334834,-0.30559972476690084,-0.24524973285915866,0.05746970446120272,0.8953408772526278,2.0
-0.7132651319509266,0.459802983846151,-0.753740829334834,-0.30559972476690084,-0.24524973285915866,0.05746970446120272,0.1650817382244057,0.8953408772526278,1.0
0.459802983846151,-0.753740829334834,-0.30559972476690084,-0.24524973285915866,0.05746970446120272,0.1650817382244057,-0.17714391869821278,0.8953408772526278,0.0
-0.753740829334834,-0.30559972476690084,-0.24524973285915866,0.05746970446120272,0.1650817382244057,-0.17714391869821278,0.8953408772526278,0.5773521648712715,6.0
-0.30559972476690084,-0.24524973285915866,0.05746970446120272,0.1650817382244057,-0.17714391869821278,0.8953408772526278,0.4057545975191369,0.5773521648712715,5.0
-0.24524973285915866,0.05746970446120272,0.1650817382244057,-0.17714391869821278,0.8953408772526278,0.4057545975191369,-0.4672601448571179,0.5773521648712715,4.0
0.05746970446120272,0.1650817382244057,-0.17714391869821278,0.8953408772526278,0.4057545975191369,-0.4672601448571179,-0.6020175565065344,0.5773521648712715,3.0
0.1650817382244057,-0.17714391869821278,0.8953408772526278,0.4057545975191369,-0.4672601448571179,-0.6020175565065344,-0.20792483826561545,0.5773521648712715,2.0
-0.17714391869821278,0.8953408772526278,0.4057545975191369,-0.4672601448571179,-0.6020175565065344,-0.20792483826561545,-0.14830195469411084,0.5773521648712715,1.0
0.8953408772526278,0.4057545975191369,-0.4672601448571179,-0.6020175565065344,-0.20792483826561545,-0.14830195469411084,-0.4071525223947885,0.5773521648712715,0.0
0.4057545975191369,-0.4672601448571179,-0.6020175565065344,-0.20792483826561545,-0.14830195469411084,-0.4071525223947885,0.5773521648712715,0.7404668016339641,6.0
-0.4672601448571179,-0.6020175565065344,-0.20792483826561545,-0.14830195469411084,-0.4071525223947885,0.5773521648712715,-0.41006095573973994,0.7404668016339641,5.0
-0.6020175565065344,-0.20792483826561545,-0.14830195469411084,-0.4071525223947885,0.5773521648712715,-0.41006095573973994,0.5451170286313929,0.7404668016339641,4.0
-0.20792483826561545,-0.14830195469411084,-0.4071525223947885,0.5773521648712715,-0.41006095573973994,0.5451170286313929,-0.7985791767361686,0.7404668016339641,3.0
-0.14830195469411084,-0.4071525223947885,0.5773521648712715,-0.41006095573973994,0.5451170286313929,-0.7985791767361686,-0.6834536901651745,0.7404668016339641,2.0
-0.4071525223947885,0.5773521648712715,-0.41006095573973994,0.5451170286313929,-0.7985791767361686,-0.6834536901651745,-0.7224751708766061,0.7404668016339641,1.0
0.5773521648712715,-0.41006095573973994,0.5451170286313929,-0.7985791767361686,-0.6834536901651745,-0.7224751708766061,-0.709144851378912,0.7404668016339641,0.0
-0.41006095573973994,0.5451170286313929,-0.7985791767361686,-0.6834536901651745,-0.7224751708766061,-0.709144851378912,0.7404668016339641,0.8640752187944,6.0
0.5451170286313929,-0.7985791767361686,-0.6834536901651745,-0.7224751708766061,-0.709144851378912,0.7404668016339641,-0.7510747654352953,0.8640752187944,5.0
-0.7985791767361686,-0.6834536901651745,-0.7224751708766061,-0.709144851378912,0.7404668016339641,-0.7510747654352953,-0.7348360125926496,0.8640752187944,4.0
-0.6834536901651745,-0.7224751708766061,-0.709144851378912,0.7404668016339641,-0.7510747654352953,-0.7348360125926496,-0.8036689350898336,0.8640752187944,3.0
-0.7224751708766061,-0.709144851378912,0.7404668016339641,-0.7510747654352953,-0.7348360125926496,-0.8036689350898336,-0.7522866126623582,0.8640752187944,2.0
-0.709144851378912,0.7404668016339641,-0.7510747654352953,-0.7348360125926496,-0.8036689350898336,-0.7522866126623582,-0.687573970737189,0.8640752187944,1.0
0.7404668016339641,-0.7510747654352953,-0.7348360125926496,-0.8036689350898336,-0.7522866126623582,-0.687573970737189,-0.8279058796310955,0.8640752187944,0.0
-0.7510747654352953,-0.7348360125926496,-0.8036689350898336,-0.7522866126623582,-0.687573970737189,-0.8279058796310955,0.8640752187944,0.23948915796608006,6.0
-0.7348360125926496,-0.8036689350898336,-0.7522866126623582,-0.687573970737189,-0.8279058796310955,0.8640752187944,-0.7896115072559016,0.23948915796608006,5.0
-0.8036689350898336,-0.7522866126623582,-0.687573970737189,-0.8279058796310955,0.8640752187944,-0.7896115072559016,-0.7450155292999797,0.23948915796608006,4.0
-0.7522866126623582,-0.687573970737189,-0.8279058796310955,0.8640752187944,-0.7896115072559016,-0.7450155292999797,-0.8220890129411926,0.23948915796608006,3.0
-0.687573970737189,-0.8279058796310955,0.8640752187944,-0.7896115072559016,-0.7450155292999797,-0.8220890129411926,-0.734593643147237,0.23948915796608006,2.0
-0.8279058796310955,0.8640752187944,-0.7896115072559016,-0.7450155292999797,-0.8220890129411926,-0.734593643147237,-0.5074934727956126,0.23948915796608006,1.0
0.8640752187944,-0.7896115072559016,-0.7450155292999797,-0.8220890129411926,-0.734593643147237,-0.5074934727956126,-0.8218466434957801,0.23948915796608006,0.0
-0.7896115072559016,-0.7450155292999797,-0.8220890129411926,-0.734593643147237,-0.5074934727956126,-0.8218466434957801,0.23948915796608006,0.5584473481290868,6.0
-0.7450155292999797,-0.8220890129411926,-0.734593643147237,-0.5074934727956126,-0.8218466434957801,0.23948915796608006,-0.733381795920174,0.5584473481290868,5.0
-0.8220890129411926,-0.734593643147237,-0.5074934727956126,-0.8218466434957801,0.23948915796608006,-0.733381795920174,-0.667699676213354,0.5584473481290868,4.0
-0.734593643147237,-0.5074934727956126,-0.8218466434957801,0.23948915796608006,-0.733381795920174,-0.667699676213354,-0.891891413220027,0.5584473481290868,3.0
-0.5074934727956126,-0.8218466434957801,0.23948915796608006,-0.733381795920174,-0.667699676213354,-0.891891413220027,-0.6841807985014122,0.5584473481290868,2.0
-0.8218466434957801,0.23948915796608006,-0.733381795920174,-0.667699676213354,-0.891891413220027,-0.6841807985014122,-0.795186004500392,0.5584473481290868,1.0
0.23948915796608006,-0.733381795920174,-0.667699676213354,-0.891891413220027,-0.6841807985014122,-0.795186004500392,-0.729503884793572,0.5584473481290868,0.0
-0.733381795920174,-0.667699676213354,-0.891891413220027,-0.6841807985014122,-0.795186004500392,-0.729503884793572,0.5584473481290868,-0.6483101205803445,3.0
-0.667699676213354,-0.891891413220027,-0.6841807985014122,-0.795186004500392,-0.729503884793572,0.5584473481290868,-0.7185972597500042,-0.6483101205803445,2.0
-0.891891413220027,-0.6841807985014122,-0.795186004500392,-0.729503884793572,0.5584473481290868,-0.7185972597500042,-0.7229599097674313,-0.6483101205803445,1.0
-0.6841807985014122,-0.795186004500392,-0.729503884793572,0.5584473481290868,-0.7185972597500042,-0.7229599097674313,-0.7612542821426252,-0.6483101205803445,0.0
-0.795186004500392,-0.729503884793572,0.5584473481290868,-0.7185972597500042,-0.7229599097674313,-0.7612542821426252,-0.6483101205803445,-0.6895129263004899,6.0
-0.729503884793572,0.5584473481290868,-0.7185972597500042,-0.7229599097674313,-0.7612542821426252,-0.6483101205803445,-0.7324123181385235,-0.6068649454147866,6.0
0.5584473481290868,-0.7185972597500042,-0.7229599097674313,-0.7612542821426252,-0.6483101205803445,-0.7324123181385235,-0.7440460515183291,0.6427919151326786,6.0
-0.7185972597500042,-0.7229599097674313,-0.7612542821426252,-0.6483101205803445,-0.7324123181385235,-0.7440460515183291,-0.7159311958504654,2.1563891017344865,6.0
-0.7229599097674313,-0.7612542821426252,-0.6483101205803445,-0.7324123181385235,-0.7440460515183291,-0.7159311958504654,-0.7726456460770184,2.1563891017344865,5.0
-0.7612542821426252,-0.6483101205803445,-0.7324123181385235,-0.7440460515183291,-0.7159311958504654,-0.7726456460770184,-0.7299886236843974,2.1563891017344865,4.0
-0.6483101205803445,-0.7324123181385235,-0.7440460515183291,-0.7159311958504654,-0.7726456460770184,-0.7299886236843974,-0.9580582718176721,2.1563891017344865,3.0
-0.7324123181385235,-0.7440460515183291,-0.7159311958504654,-0.7726456460770184,-0.7299886236843974,-0.9580582718176721,-0.6895129263004899,2.1563891017344865,2.0
-0.7440460515183291,-0.7159311958504654,-0.7726456460770184,-0.7299886236843974,-0.9580582718176721,-0.6895129263004899,-0.6068649454147866,2.1563891017344865,1.0
-0.7159311958504654,-0.7726456460770184,-0.7299886236843974,-0.9580582718176721,-0.6895129263004899,-0.6068649454147866,0.6427919151326786,2.1563891017344865,0.0
-0.7726456460770184,-0.7299886236843974,-0.9580582718176721,-0.6895129263004899,-0.6068649454147866,0.6427919151326786,2.1563891017344865,0.2814190720224631,6.0
-0.7299886236843974,-0.9580582718176721,-0.6895129263004899,-0.6068649454147866,0.6427919151326786,2.1563891017344865,-0.719324368086242,0.2814190720224631,5.0
-0.9580582718176721,-0.6895129263004899,-0.6068649454147866,0.6427919151326786,2.1563891017344865,-0.719324368086242,-0.7547103071164846,0.2814190720224631,4.0
-0.6895129263004899,-0.6068649454147866,0.6427919151326786,2.1563891017344865,-0.719324368086242,-0.7547103071164846,-0.758830587688499,0.2814190720224631,3.0
-0.6068649454147866,0.6427919151326786,2.1563891017344865,-0.719324368086242,-0.7547103071164846,-0.758830587688499,-0.4757430754465595,0.2814190720224631,2.0
0.6427919151326786,2.1563891017344865,-0.719324368086242,-0.7547103071164846,-0.758830587688499,-0.4757430754465595,-0.7268378208940333,0.2814190720224631,1.0
2.1563891017344865,-0.719324368086242,-0.7547103071164846,-0.758830587688499,-0.4757430754465595,-0.7268378208940333,-0.7055093096977229,0.2814190720224631,0.0
-0.719324368086242,-0.7547103071164846,-0.758830587688499,-0.4757430754465595,-0.7268378208940333,-0.7055093096977229,0.2814190720224631,0.18883394387484262,6.0
-0.7547103071164846,-0.758830587688499,-0.4757430754465595,-0.7268378208940333,-0.7055093096977229,0.2814190720224631,-0.6587320067330873,0.18883394387484262,5.0
-0.758830587688499,-0.4757430754465595,-0.7268378208940333,-0.7055093096977229,0.2814190720224631,-0.6587320067330873,-0.6972687485536936,0.18883394387484262,4.0
-0.4757430754465595,-0.7268378208940333,-0.7055093096977229,0.2814190720224631,-0.6587320067330873,-0.6972687485536936,-0.6650336123138154,0.18883394387484262,3.0
-0.7268378208940333,-0.7055093096977229,0.2814190720224631,-0.6587320067330873,-0.6972687485536936,-0.6650336123138154,-0.7610119126972127,0.18883394387484262,2.0
-0.7055093096977229,0.2814190720224631,-0.6587320067330873,-0.6972687485536936,-0.6650336123138154,-0.7610119126972127,-0.636676387200539,0.18883394387484262,1.0
0.2814190720224631,-0.6587320067330873,-0.6972687485536936,-0.6650336123138154,-0.7610119126972127,-0.636676387200539,-0.747923962644931,0.18883394387484262,0.0
-0.6587320067330873,-0.6972687485536936,-0.6650336123138154,-0.7610119126972127,-0.636676387200539,-0.747923962644931,0.18883394387484262,0.2198572328876577,6.0
-0.6972687485536936,-0.6650336123138154,-0.7610119126972127,-0.636676387200539,-0.747923962644931,0.18883394387484262,-0.8792882020585707,0.2198572328876577,5.0
-0.6650336123138154,-0.7610119126972127,-0.636676387200539,-0.747923962644931,0.18883394387484262,-0.8792882020585707,-0.488831025498841,0.2198572328876577,4.0
-0.7610119126972127,-0.636676387200539,-0.747923962644931,0.18883394387484262,-0.8792882020585707,-0.488831025498841,-0.7665864099417028,0.2198572328876577,3.0
-0.636676387200539,-0.747923962644931,0.18883394387484262,-0.8792882020585707,-0.488831025498841,-0.7665864099417028,-0.663337026195927,0.2198572328876577,2.0
-0.747923962644931,0.18883394387484262,-0.8792882020585707,-0.488831025498841,-0.7665864099417028,-0.663337026195927,-0.6713352178945435,0.2198572328876577,1.0
0.18883394387484262,-0.8792882020585707,-0.488831025498841,-0.7665864099417028,-0.663337026195927,-0.6713352178945435,-0.604198881515248,0.2198572328876577,0.0
-0.8792882020585707,-0.488831025498841,-0.7665864099417028,-0.663337026195927,-0.6713352178945435,-0.604198881515248,0.2198572328876577,0.2799648553499875,6.0
-0.488831025498841,-0.7665864099417028,-0.663337026195927,-0.6713352178945435,-0.604198881515248,0.2198572328876577,-0.733381795920174,0.2799648553499875,5.0
-0.7665864099417028,-0.663337026195927,-0.6713352178945435,-0.604198881515248,0.2198572328876577,-0.733381795920174,-0.15024091025741196,0.2799648553499875,4.0
-0.663337026195927,-0.6713352178945435,-0.604198881515248,0.2198572328876577,-0.733381795920174,-0.15024091025741196,-0.7915504628192025,0.2799648553499875,3.0
-0.6713352178945435,-0.604198881515248,0.2198572328876577,-0.733381795920174,-0.15024091025741196,-0.7915504628192025,-0.596443059262044,0.2799648553499875,2.0
-0.604198881515248,0.2198572328876577,-0.733381795920174,-0.15024091025741196,-0.7915504628192025,-0.596443059262044,-0.646855903907869,0.2799648553499875,1.0
0.2198572328876577,-0.733381795920174,-0.15024091025741196,-0.7915504628192025,-0.596443059262044,-0.646855903907869,-0.7525289821077709,0.2799648553499875,0.0
-0.733381795920174,-0.15024091025741196,-0.7915504628192025,-0.596443059262044,-0.646855903907869,-0.7525289821077709,0.2799648553499875,0.3732770918338459,6.0
-0.15024091025741196,-0.7915504628192025,-0.596443059262044,-0.646855903907869,-0.7525289821077709,0.2799648553499875,-0.8060926295439597,0.3732770918338459,5.0
-0.7915504628192025,-0.596443059262044,-0.646855903907869,-0.7525289821077709,0.2799648553499875,-0.8060926295439597,-0.6895129263004899,0.3732770918338459,4.0
-0.596443059262044,-0.646855903907869,-0.7525289821077709,0.2799648553499875,-0.8060926295439597,-0.6895129263004899,-0.7978520683999306,0.3732770918338459,3.0
-0.646855903907869,-0.7525289821077709,0.2799648553499875,-0.8060926295439597,-0.6895129263004899,-0.7978520683999306,-0.7605271738063872,0.3732770918338459,2.0
-0.7525289821077709,0.2799648553499875,-0.8060926295439597,-0.6895129263004899,-0.7978520683999306,-0.7605271738063872,-0.8964964326828668,0.3732770918338459,1.0
0.2799648553499875,-0.8060926295439597,-0.6895129263004899,-0.7978520683999306,-0.7605271738063872,-0.8964964326828668,-0.6909671429729657,0.3732770918338459,0.0
-0.8060926295439597,-0.6895129263004899,-0.7978520683999306,-0.7605271738063872,-0.8964964326828668,-0.6909671429729657,0.3732770918338459,0.2615447774986283,6.0
-0.6895129263004899,-0.7978520683999306,-0.7605271738063872,-0.8964964326828668,-0.6909671429729657,0.3732770918338459,-0.7770082960944453,0.2615447774986283,5.0
-0.7978520683999306,-0.7605271738063872,-0.8964964326828668,-0.6909671429729657,0.3732770918338459,-0.7770082960944453,-0.7147193486234023,0.2615447774986283,4.0
-0.7605271738063872,-0.8964964326828668,-0.6909671429729657,0.3732770918338459,-0.7770082960944453,-0.7147193486234023,-0.7476815931995184,0.2615447774986283,3.0
-0.8964964326828668,-0.6909671429729657,0.3732770918338459,-0.7770082960944453,-0.7147193486234023,-0.7476815931995184,-0.5896567147904906,0.2615447774986283,2.0
-0.6909671429729657,0.3732770918338459,-0.7770082960944453,-0.7147193486234023,-0.7476815931995184,-0.5896567147904906,-0.6681844151041793,0.2615447774986283,1.0
0.3732770918338459,-0.7770082960944453,-0.7147193486234023,-0.7476815931995184,-0.5896567147904906,-0.6681844151041793,-0.8603833853163866,0.2615447774986283,0.0
-0.7770082960944453,-0.7147193486234023,-0.7476815931995184,-0.5896567147904906,-0.6681844151041793,-0.8603833853163866,0.2615447774986283,0.2334299218307647,6.0
-0.7147193486234023,-0.7476815931995184,-0.5896567147904906,-0.6681844151041793,-0.8603833853163866,0.2615447774986283,-0.6618828095234511,0.2334299218307647,5.0
-0.7476815931995184,-0.5896567147904906,-0.6681844151041793,-0.8603833853163866,0.2615447774986283,-0.6618828095234511,-0.8572325825260225,0.2334299218307647,4.0
-0.5896567147904906,-0.6681844151041793,-0.8603833853163866,0.2615447774986283,-0.6618828095234511,-0.8572325825260225,-0.7927623100462657,0.2334299218307647,3.0
-0.6681844151041793,-0.8603833853163866,0.2615447774986283,-0.6618828095234511,-0.8572325825260225,-0.7927623100462657,-0.5108866450313896,0.2334299218307647,2.0
-0.8603833853163866,0.2615447774986283,-0.6618828095234511,-0.8572325825260225,-0.7927623100462657,-0.5108866450313896,-0.7227175403220187,0.2334299218307647,1.0
0.2615447774986283,-0.6618828095234511,-0.8572325825260225,-0.7927623100462657,-0.5108866450313896,-0.7227175403220187,-0.7144769791779897,0.2334299218307647,0.0
-0.6618828095234511,-0.8572325825260225,-0.7927623100462657,-0.5108866450313896,-0.7227175403220187,-0.7144769791779897,0.2334299218307647,0.4312033892874618,6.0
-0.8572325825260225,-0.7927623100462657,-0.5108866450313896,-0.7227175403220187,-0.7144769791779897,0.2334299218307647,-0.7229599097674313,0.4312033892874618,5.0
-0.7927623100462657,-0.5108866450313896,-0.7227175403220187,-0.7144769791779897,0.2334299218307647,-0.7229599097674313,-0.7338665348109992,0.4312033892874618,4.0
-0.5108866450313896,-0.7227175403220187,-0.7144769791779897,0.2334299218307647,-0.7229599097674313,-0.7338665348109992,-0.7966402211728675,0.4312033892874618,3.0
-0.7227175403220187,-0.7144769791779897,0.2334299218307647,-0.7229599097674313,-0.7338665348109992,-0.7966402211728675,-0.6693962623312424,0.4312033892874618,2.0
-0.7144769791779897,0.2334299218307647,-0.7229599097674313,-0.7338665348109992,-0.7966402211728675,-0.6693962623312424,-0.8269364018494451,0.4312033892874618,1.0
0.2334299218307647,-0.7229599097674313,-0.7338665348109992,-0.7966402211728675,-0.6693962623312424,-0.8269364018494451,-0.7532560904440088,0.4312033892874618,0.0
-0.7229599097674313,-0.7338665348109992,-0.7966402211728675,-0.6693962623312424,-0.8269364018494451,-0.7532560904440088,0.4312033892874618,0.435081300414064,6.0
-0.7338665348109992,-0.7966402211728675,-0.6693962623312424,-0.8269364018494451,-0.7532560904440088,0.4312033892874618,-0.6313442594014612,0.435081300414064,5.0
-0.7966402211728675,-0.6693962623312424,-0.8269364018494451,-0.7532560904440088,0.4312033892874618,-0.6313442594014612,-0.711083806942213,0.435081300414064,4.0
-0.6693962623312424,-0.8269364018494451,-0.7532560904440088,0.4312033892874618,-0.6313442594014612,-0.711083806942213,-0.9270349828048569,0.435081300414064,3.0
-0.8269364018494451,-0.7532560904440088,0.4312033892874618,-0.6313442594014612,-0.711083806942213,-0.9270349828048569,-0.7714337988499552,0.435081300414064,2.0
-0.7532560904440088,0.4312033892874618,-0.6313442594014612,-0.711083806942213,-0.9270349828048569,-0.7714337988499552,-0.7350783820380624,0.435081300414064,1.0
0.4312033892874618,-0.6313442594014612,-0.711083806942213,-0.9270349828048569,-0.7714337988499552,-0.7350783820380624,-0.721990431985781,0.435081300414064,0.0
-0.6313442594014612,-0.711083806942213,-0.9270349828048569,-0.7714337988499552,-0.7350783820380624,-0.721990431985781,0.435081300414064,1.0148290138410492,6.0
-0.711083806942213,-0.9270349828048569,-0.7714337988499552,-0.7350783820380624,-0.721990431985781,0.435081300414064,-0.7687677349504163,1.0148290138410492,5.0
-0.6260121316023834,0.4178730697897676,-0.4110304335213903,-0.1960487354403968,-0.7549526765618971,-0.5821432619826994,-0.6255273927115583,0.8509872687421185,1.0
0.4178730697897676,-0.4110304335213903,-0.1960487354403968,-0.7549526765618971,-0.5821432619826994,-0.6255273927115583,-0.6061378370785487,0.8509872687421185,0.0
-0.4110304335213903,-0.1960487354403968,-0.7549526765618971,-0.5821432619826994,-0.6255273927115583,-0.6061378370785487,0.8509872687421185,1.5628263299189815,6.0
-0.1960487354403968,-0.7549526765618971,-0.5821432619826994,-0.6255273927115583,-0.6061378370785487,0.8509872687421185,-0.3957611584603954,1.5628263299189815,5.0
-0.7549526765618971,-0.5821432619826994,-0.6255273927115583,-0.6061378370785487,0.8509872687421185,-0.3957611584603954,-0.5957159509258063,1.5628263299189815,4.0
-0.5821432619826994,-0.6255273927115583,-0.6061378370785487,0.8509872687421185,-0.3957611584603954,-0.5957159509258063,-0.42654207802779803,1.5628263299189815,3.0
-0.6255273927115583,-0.6061378370785487,0.8509872687421185,-0.3957611584603954,-0.5957159509258063,-0.42654207802779803,-0.11582444900881984,1.5628263299189815,2.0
-0.6061378370785487,0.8509872687421185,-0.3957611584603954,-0.5957159509258063,-0.42654207802779803,-0.11582444900881984,-0.47162279487454495,1.5628263299189815,1.0
0.8509872687421185,-0.3957611584603954,-0.5957159509258063,-0.42654207802779803,-0.11582444900881984,-0.47162279487454495,-0.474288858774084,1.5628263299189815,0.0
-0.3957611584603954,-0.5957159509258063,-0.42654207802779803,-0.11582444900881984,-0.47162279487454495,-0.474288858774084,1.5628263299189815,2.034962009582764,6.0
-0.5957159509258063,-0.42654207802779803,-0.11582444900881984,-0.47162279487454495,-0.474288858774084,1.5628263299189815,0.5715352981813685,2.034962009582764,5.0
-0.42654207802779803,-0.11582444900881984,-0.47162279487454495,-0.474288858774084,1.5628263299189815,0.5715352981813685,0.6352784623248874,2.034962009582764,4.0
-0.11582444900881984,-0.47162279487454495,-0.474288858774084,1.5628263299189815,0.5715352981813685,0.6352784623248874,-0.023724059752024605,2.034962009582764,3.0
-0.47162279487454495,-0.474288858774084,1.5628263299189815,0.5715352981813685,0.6352784623248874,-0.023724059752024605,-0.15508829916566416,2.034962009582764,2.0
-0.474288858774084,1.5628263299189815,0.5715352981813685,0.6352784623248874,-0.023724059752024605,-0.15508829916566416,-0.27603065242656133,2.034962009582764,1.0
1.5628263299189815,0.5715352981813685,0.6352784623248874,-0.023724059752024605,-0.15508829916566416,-0.27603065242656133,-0.2125298577284549,2.034962009582764,0.0
0.5715352981813685,0.6352784623248874,-0.023724059752024605,-0.15508829916566416,-0.27603065242656133,-0.2125298577284549,2.034962009582764,2.5701137450538276,6.0
0.6352784623248874,-0.023724059752024605,-0.15508829916566416,-0.27603065242656133,-0.2125298577284549,2.034962009582764,-0.307538680330202,2.5701137450538276,5.0
-0.023724059752024605,-0.15508829916566416,-0.27603065242656133,-0.2125298577284549,2.034962009582764,-0.307538680330202,0.20313374115418723,2.5701137450538276,4.0
-0.15508829916566416,-0.27603065242656133,-0.2125298577284549,2.034962009582764,-0.307538680330202,0.20313374115418723,0.23900441907525485,2.5701137450538276,3.0
-0.27603065242656133,-0.2125298577284549,2.034962009582764,-0.307538680330202,0.20313374115418723,0.23900441907525485,0.7208348765555421,2.5701137450538276,2.0
-0.2125298577284549,2.034962009582764,-0.307538680330202,0.20313374115418723,0.23900441907525485,0.7208348765555421,0.18641024942071635,2.5701137450538276,1.0
2.034962009582764,-0.307538680330202,0.20313374115418723,0.23900441907525485,0.7208348765555421,0.18641024942071635,0.0014823625708879002,2.5701137450538276,0.0
-0.307538680330202,0.20313374115418723,0.23900441907525485,0.7208348765555421,0.18641024942071635,0.0014823625708879002,2.5701137450538276,3.5718266629441824,6.0
0.20313374115418723,0.23900441907525485,0.7208348765555421,0.18641024942071635,0.0014823625708879002,2.5701137450538276,0.6105567788928001,3.5718266629441824,5.0
0.23900441907525485,0.7208348765555421,0.18641024942071635,0.0014823625708879002,2.5701137450538276,0.6105567788928001,0.3206829221793074,3.5718266629441824,4.0
0.7208348765555421,0.18641024942071635,0.0014823625708879002,2.5701137450538276,0.6105567788928001,0.3206829221793074,0.0014823625708879002,3.5718266629441824,3.0
0.18641024942071635,0.0014823625708879002,2.5701137450538276,0.6105567788928001,0.3206829221793074,0.0014823625708879002,1.177943650603742,3.5718266629441824,2.0
0.0014823625708879002,2.5701137450538276,0.6105567788928001,0.3206829221793074,0.0014823625708879002,1.177943650603742,0.8301434964366334,3.5718266629441824,1.0
2.5701137450538276,0.6105567788928001,0.3206829221793074,0.0014823625708879002,1.177943650603742,0.8301434964366334,1.1777012811583292,3.5718266629441824,0.0
0.6105567788928001,0.3206829221793074,0.0014823625708879002,1.177943650603742,0.8301434964366334,1.1777012811583292,3.5718266629441824,2.3519812441824697,6.0
0.3206829221793074,0.0014823625708879002,1.177943650603742,0.8301434964366334,1.1777012811583292,3.5718266629441824,0.8774055382920942,2.3519812441824697,5.0
0.0014823625708879002,1.177943650603742,0.8301434964366334,1.1777012811583292,3.5718266629441824,0.8774055382920942,0.7933033407339151,2.3519812441824697,4.0
1.177943650603742,0.8301434964366334,1.1777012811583292,3.5718266629441824,0.8774055382920942,0.7933033407339151,0.47870780058833534,2.3519812441824697,3.0
0.8301434964366334,1.1777012811583292,3.5718266629441824,0.8774055382920942,0.7933033407339151,0.47870780058833534,0.3975140363751077,2.3519812441824697,2.0
1.1777012811583292,3.5718266629441824,0.8774055382920942,0.7933033407339151,0.47870780058833534,0.3975140363751077,0.33231665555911327,2.3519812441824697,1.0
3.5718266629441824,0.8774055382920942,0.7933033407339151,0.47870780058833534,0.3975140363751077,0.33231665555911327,1.0582131445699081,2.3519812441824697,0.0
0.8774055382920942,0.7933033407339151,0.47870780058833534,0.3975140363751077,0.33231665555911327,1.0582131445699081,2.3519812441824697,3.0097719190323193,6.0
0.7933033407339151,0.47870780058833534,0.3975140363751077,0.33231665555911327,1.0582131445699081,2.3519812441824697,0.6728457263638434,3.0097719190323193,5.0
0.47870780058833534,0.3975140363751077,0.33231665555911327,1.0582131445699081,2.3519812441824697,0.6728457263638434,0.03880725716443111,3.0097719190323193,4.0
0.3975140363751077,0.33231665555911327,1.0582131445699081,2.3519812441824697,0.6728457263638434,0.03880725716443111,0.05116809888047495,3.0097719190323193,3.0
0.33231665555911327,1.0582131445699081,2.3519812441824697,0.6728457263638434,0.03880725716443111,0.05116809888047495,0.7186535515468282,3.0097719190323193,2.0
1.0582131445699081,2.3519812441824697,0.6728457263638434,0.03880725716443111,0.05116809888047495,0.7186535515468282,1.5870632744602435,3.0097719190323193,1.0
2.3519812441824697,0.6728457263638434,0.03880725716443111,0.05116809888047495,0.7186535515468282,1.5870632744602435,0.5220919313171939,3.0097719190323193,0.0
0.6728457263638434,0.03880725716443111,0.05116809888047495,0.7186535515468282,1.5870632744602435,0.5220919313171939,3.0097719190323193,2.9998347717704013,6.0
0.03880725716443111,0.05116809888047495,0.7186535515468282,1.5870632744602435,0.5220919313171939,3.0097719190323193,0.6340666150978242,2.9998347717704013,5.0
0.05116809888047495,0.7186535515468282,1.5870632744602435,0.5220919313171939,3.0097719190323193,0.6340666150978242,0.24167048297479357,2.9998347717704013,4.0
0.7186535515468282,1.5870632744602435,0.5220919313171939,3.0097719190323193,0.6340666150978242,0.24167048297479357,0.20676928283537627,2.9998347717704013,3.0
1.5870632744602435,0.5220919313171939,3.0097719190323193,0.6340666150978242,0.24167048297479357,0.20676928283537627,0.15902250208909033,2.9998347717704013,2.0
0.5220919313171939,3.0097719190323193,0.6340666150978242,0.24167048297479357,0.20676928283537627,0.15902250208909033,0.00996529316032954,2.9998347717704013,1.0
3.0097719190323193,0.6340666150978242,0.24167048297479357,0.20676928283537627,0.15902250208909033,0.00996529316032954,0.06571026560523194,2.9998347717704013,0.0
0.6340666150978242,0.24167048297479357,0.20676928283537627,0.15902250208909033,0.00996529316032954,0.06571026560523194,2.9998347717704013,4.050991056524932,6.0
0.24167048297479357,0.20676928283537627,0.15902250208909033,0.00996529316032954,0.06571026560523194,2.9998347717704013,0.7542818600224834,4.050991056524932,5.0
0.20676928283537627,0.15902250208909033,0.00996529316032954,0.06571026560523194,2.9998347717704013,0.7542818600224834,1.0228272055396654,4.050991056524932,4.0
0.15902250208909033,0.00996529316032954,0.06571026560523194,2.9998347717704013,0.7542818600224834,1.0228272055396654,0.9222438856934286,4.050991056524932,3.0
0.00996529316032954,0.06571026560523194,2.9998347717704013,0.7542818600224834,1.0228272055396654,0.9222438856934286,0.9353318357457101,4.050991056524932,2.0
0.06571026560523194,2.9998347717704013,0.7542818600224834,1.0228272055396654,0.9222438856934286,0.9353318357457101,1.609603632883617,4.050991056524932,1.0
2.9998347717704013,0.7542818600224834,1.0228272055396654,0.9222438856934286,0.9353318357457101,1.609603632883617,1.5334996270240546,4.050991056524932,0.0
0.7542818600224834,1.0228272055396654,0.9222438856934286,0.9353318357457101,1.609603632883617,1.5334996270240546,4.050991056524932,2.9385153020810084,5.0
1.0228272055396654,0.9222438856934286,0.9353318357457101,1.609603632883617,1.5334996270240546,4.050991056524932,1.1406187560101988,2.9385153020810084,4.0
0.9222438856934286,0.9353318357457101,1.609603632883617,1.5334996270240546,4.050991056524932,1.1406187560101988,1.6791636637170388,2.9385153020810084,3.0
0.9353318357457101,1.609603632883617,1.5334996270240546,4.050991056524932,1.1406187560101988,1.6791636637170388,1.6205102579271846,2.9385153020810084,2.0
1.609603632883617,1.5334996270240546,4.050991056524932,1.1406187560101988,1.6791636637170388,1.6205102579271846,0.9423605496626761,2.9385153020810084,1.0
1.5334996270240546,4.050991056524932,1.1406187560101988,1.6791636637170388,1.6205102579271846,0.9423605496626761,0.6709067708005423,2.9385153020810084,0.0
4.050991056524932,1.1406187560101988,1.6791636637170388,1.6205102579271846,0.9423605496626761,0.6709067708005423,2.9385153020810084,1.0310677666836947,5.0
1.1406187560101988,1.6791636637170388,1.6205102579271846,0.9423605496626761,0.6709067708005423,2.9385153020810084,0.8039675963320705,2.455472997373658,6.0
1.6791636637170388,1.6205102579271846,0.9423605496626761,0.6709067708005423,2.9385153020810084,0.8039675963320705,1.0250085305483791,2.455472997373658,5.0
1.6205102579271846,0.9423605496626761,0.6709067708005423,2.9385153020810084,0.8039675963320705,1.0250085305483791,0.765915593402289,2.455472997373658,4.0
0.9423605496626761,0.6709067708005423,2.9385153020810084,0.8039675963320705,1.0250085305483791,0.765915593402289,0.8432314464889148,2.455472997373658,3.0
0.6709067708005423,2.9385153020810084,0.8039675963320705,1.0250085305483791,0.765915593402289,0.8432314464889148,0.8810410799732833,2.455472997373658,2.0
2.9385153020810084,0.8039675963320705,1.0250085305483791,0.765915593402289,0.8432314464889148,0.8810410799732833,1.0310677666836947,2.455472997373658,1.0
0.8039675963320705,1.0250085305483791,0.765915593402289,0.8432314464889148,0.8810410799732833,1.0310677666836947,0.98622941928236,2.455472997373658,0.0
1.0250085305483791,0.765915593402289,0.8432314464889148,0.8810410799732833,1.0310677666836947,0.98622941928236,2.455472997373658,3.514869843272218,6.0
0.765915593402289,0.8432314464889148,0.8810410799732833,1.0310677666836947,0.98622941928236,2.455472997373658,0.8587430909953222,3.514869843272218,5.0
0.8432314464889148,0.8810410799732833,1.0310677666836947,0.98622941928236,2.455472997373658,0.8587430909953222,0.6609696235386251,3.514869843272218,4.0
0.8810410799732833,1.0310677666836947,0.98622941928236,2.455472997373658,0.8587430909953222,0.6609696235386251,1.0097392554873845,3.514869843272218,3.0
1.0310677666836947,0.98622941928236,2.455472997373658,0.8587430909953222,0.6609696235386251,1.0097392554873845,1.5410130798318455,3.514869843272218,2.0
0.98622941928236,2.455472997373658,0.8587430909953222,0.6609696235386251,1.0097392554873845,1.5410130798318455,2.335500121894412,3.514869843272218,1.0
2.455472997373658,0.8587430909953222,0.6609696235386251,1.0097392554873845,1.5410130798318455,2.335500121894412,1.3197297761701239,3.514869843272218,0.0
0.8587430909953222,0.6609696235386251,1.0097392554873845,1.5410130798318455,2.335500121894412,1.3197297761701239,3.514869843272218,2.926881568701203,6.0
0.6609696235386251,1.0097392554873845,1.5410130798318455,2.335500121894412,1.3197297761701239,3.514869843272218,1.3604478429994447,2.926881568701203,5.0
1.0097392554873845,1.5410130798318455,2.335500121894412,1.3197297761701239,3.514869843272218,1.3604478429994447,1.0046494971337192,2.926881568701203,4.0
1.5410130798318455,2.335500121894412,1.3197297761701239,3.514869843272218,1.3604478429994447,1.0046494971337192,0.9389673774268995,2.926881568701203,3.0
2.335500121894412,1.3197297761701239,3.514869843272218,1.3604478429994447,1.0046494971337192,0.9389673774268995,1.1197749837047133,2.926881568701203,2.0
1.3197297761701239,3.514869843272218,1.3604478429994447,1.0046494971337192,0.9389673774268995,1.1197749837047133,0.871103932711366,2.926881568701203,1.0
